 Sample   Time     Commanded Pos   Encoder 1 Pos   Encoder 2 Pos   Control Effort

[    0    0.000               0               0               0          0.5000;
     1    0.009               0              10               0          0.5000;
     2    0.018               0              44               0          0.5000;
     3    0.027               0              98               0          0.5000;
     4    0.035               0             172               0          0.5000;
     5    0.044               0             264               0          0.5000;
     6    0.053               0             369               0          0.5000;
     7    0.062               0             488               0          0.5000;
     8    0.071               0             617               0          0.5000;
     9    0.080               0             755               0          0.5000;
    10    0.089               0             897               0          0.5000;
    11    0.097               0            1041               0          0.5000;
    12    0.106               0            1182               0          0.5000;
    13    0.115               0            1322               0          0.5000;
    14    0.124               0            1454               0          0.5000;
    15    0.133               0            1579               0          0.5000;
    16    0.142               0            1690               0          0.5000;
    17    0.151               0            1787               0          0.5000;
    18    0.159               0            1870               0          0.5000;
    19    0.168               0            1934               0          0.5000;
    20    0.177               0            1979               0          0.5000;
    21    0.186               0            2004               0          0.5000;
    22    0.195               0            2009               0          0.5000;
    23    0.204               0            1995               0          0.5000;
    24    0.213               0            1963               0          0.5000;
    25    0.221               0            1915               0          0.5000;
    26    0.230               0            1853               0          0.5000;
    27    0.239               0            1779               0          0.5000;
    28    0.248               0            1696               0          0.5000;
    29    0.257               0            1605               0          0.5000;
    30    0.266               0            1508               0          0.5000;
    31    0.274               0            1408               0          0.5000;
    32    0.283               0            1307               0          0.5000;
    33    0.292               0            1208               0          0.5000;
    34    0.301               0            1112               0          0.5000;
    35    0.310               0            1023               0          0.5000;
    36    0.319               0             939               0          0.5000;
    37    0.328               0             865               0          0.5000;
    38    0.336               0             802               0          0.5000;
    39    0.345               0             749               0          0.5000;
    40    0.354               0             710               0          0.5000;
    41    0.363               0             683               0          0.5000;
    42    0.372               0             672               0          0.5000;
    43    0.381               0             672               0          0.5000;
    44    0.390               0             686               0          0.5000;
    45    0.398               0             712               0          0.5000;
    46    0.407               0             748               0          0.5000;
    47    0.416               0             791               0          0.5000;
    48    0.425               0             841               0          0.5000;
    49    0.434               0             898               0          0.5000;
    50    0.443               0             959               0          0.5000;
    51    0.452               0            1023               0          0.5000;
    52    0.460               0            1089               0          0.5000;
    53    0.469               0            1154               0          0.5000;
    54    0.478               0            1218               0          0.5000;
    55    0.487               0            1279               0          0.5000;
    56    0.496               0            1336               0          0.5000;
    57    0.505               0            1387               0          0.5000;
    58    0.514               0            1433               0          0.5000;
    59    0.522               0            1470               0          0.5000;
    60    0.531               0            1500               0          0.5000;
    61    0.540               0            1521               0          0.5000;
    62    0.549               0            1533               0          0.5000;
    63    0.558               0            1535               0          0.5000;
    64    0.567               0            1528               0          0.5000;
    65    0.576               0            1514               0          0.5000;
    66    0.584               0            1493               0          0.5000;
    67    0.593               0            1468               0          0.5000;
    68    0.602               0            1439               0          0.5000;
    69    0.611               0            1407               0          0.5000;
    70    0.620               0            1374               0          0.5000;
    71    0.629               0            1339               0          0.5000;
    72    0.638               0            1305               0          0.5000;
    73    0.646               0            1271               0          0.5000;
    74    0.655               0            1239               0          0.5000;
    75    0.664               0            1208               0          0.5000;
    76    0.673               0            1179               0          0.5000;
    77    0.682               0            1155               0          0.5000;
    78    0.691               0            1134               0          0.5000;
    79    0.699               0            1117               0          0.5000;
    80    0.708               0            1105               0          0.5000;
    81    0.717               0            1097               0          0.5000;
    82    0.726               0            1093               0          0.5000;
    83    0.735               0            1093               0          0.5000;
    84    0.744               0            1096               0          0.5000;
    85    0.753               0            1102               0          0.5000;
    86    0.761               0            1109               0          0.5000;
    87    0.770               0            1118               0          0.5000;
    88    0.779               0            1127               0          0.5000;
    89    0.788               0            1137               0          0.5000;
    90    0.797               0            1146               0          0.5000;
    91    0.806               0            1157               0          0.5000;
    92    0.815               0            1166               0          0.5000;
    93    0.823               0            1176               0          0.5000;
    94    0.832               0            1186               0          0.5000;
    95    0.841               0            1194               0          0.5000;
    96    0.850               0            1202               0          0.5000;
    97    0.859               0            1208               0          0.5000;
    98    0.868               0            1211               0          0.5000;
    99    0.877               0            1213               0          0.5000;
   100    0.885               0            1213               0          0.5000;
   101    0.894               0            1212               0          0.5000;
   102    0.903               0            1209               0          0.5000;
   103    0.912               0            1207               0          0.5000;
   104    0.921               0            1204               0          0.5000;
   105    0.930               0            1203               0          0.5000;
   106    0.939               0            1202               0          0.5000;
   107    0.947               0            1202               0          0.5000;
   108    0.956               0            1202               0          0.5000;
   109    0.965               0            1202               0          0.5000;
   110    0.974               0            1202               0          0.5000;
   111    0.983               0            1202               0          0.5000;
   112    0.992               0            1202               0          0.5000;
   113    1.001               0            1202               0          0.5000;
   114    1.009               0            1202               0          0.5000;
   115    1.018               0            1202               0          0.5000;
   116    1.027               0            1202               0          0.5000;
   117    1.036               0            1202               0          0.5000;
   118    1.045               0            1202               0          0.5000;
   119    1.054               0            1202               0          0.5000;
   120    1.063               0            1202               0          0.5000;
   121    1.071               0            1202               0          0.5000;
   122    1.080               0            1202               0          0.5000;
   123    1.089               0            1202               0          0.5000;
   124    1.098               0            1202               0          0.5000;
   125    1.107               0            1202               0          0.5000;
   126    1.116               0            1202               0          0.5000;
   127    1.124               0            1202               0          0.5000;
   128    1.133               0            1202               0          0.5000;
   129    1.142               0            1202               0          0.5000;
   130    1.151               0            1202               0          0.5000;
   131    1.160               0            1202               0          0.5000;
   132    1.169               0            1202               0          0.5000;
   133    1.178               0            1202               0          0.5000;
   134    1.186               0            1202               0          0.5000;
   135    1.195               0            1202               0          0.5000;
   136    1.204               0            1202               0          0.5000;
   137    1.213               0            1202               0          0.5000;
   138    1.222               0            1202               0          0.5000;
   139    1.231               0            1202               0          0.5000;
   140    1.240               0            1202               0          0.5000;
   141    1.248               0            1202               0          0.5000;
   142    1.257               0            1202               0          0.5000;
   143    1.266               0            1202               0          0.5000;
   144    1.275               0            1202               0          0.5000;
   145    1.284               0            1202               0          0.5000;
   146    1.293               0            1202               0          0.5000;
   147    1.302               0            1202               0          0.5000;
   148    1.310               0            1202               0          0.5000;
   149    1.319               0            1202               0          0.5000;
   150    1.328               0            1202               0          0.5000;
   151    1.337               0            1202               0          0.5000;
   152    1.346               0            1202               0          0.5000;
   153    1.355               0            1202               0          0.5000;
   154    1.364               0            1202               0          0.5000;
   155    1.372               0            1202               0          0.5000;
   156    1.381               0            1202               0          0.5000;
   157    1.390               0            1202               0          0.5000;
   158    1.399               0            1202               0          0.5000;
   159    1.408               0            1202               0          0.5000;
   160    1.417               0            1202               0          0.5000;
   161    1.426               0            1202               0          0.5000;
   162    1.434               0            1202               0          0.5000;
   163    1.443               0            1202               0          0.5000;
   164    1.452               0            1202               0          0.5000;
   165    1.461               0            1202               0          0.5000;
   166    1.470               0            1202               0          0.5000;
   167    1.479               0            1202               0          0.5000;
   168    1.488               0            1202               0          0.5000;
   169    1.496               0            1202               0          0.5000;
   170    1.505               0            1202               0          0.5000;
   171    1.514               0            1202               0          0.5000;
   172    1.523               0            1202               0          0.5000;
   173    1.532               0            1202               0          0.5000;
   174    1.541               0            1202               0          0.5000;
   175    1.549               0            1202               0          0.5000;
   176    1.558               0            1202               0          0.5000;
   177    1.567               0            1202               0          0.5000;
   178    1.576               0            1202               0          0.5000;
   179    1.585               0            1202               0          0.5000;
   180    1.594               0            1202               0          0.5000;
   181    1.603               0            1202               0          0.5000;
   182    1.611               0            1202               0          0.5000;
   183    1.620               0            1202               0          0.5000;
   184    1.629               0            1202               0          0.5000;
   185    1.638               0            1202               0          0.5000;
   186    1.647               0            1202               0          0.5000;
   187    1.656               0            1202               0          0.5000;
   188    1.665               0            1202               0          0.5000;
   189    1.673               0            1202               0          0.5000;
   190    1.682               0            1202               0          0.5000;
   191    1.691               0            1202               0          0.5000;
   192    1.700               0            1202               0          0.5000;
   193    1.709               0            1202               0          0.5000;
   194    1.718               0            1202               0          0.5000;
   195    1.727               0            1202               0          0.5000;
   196    1.735               0            1202               0          0.5000;
   197    1.744               0            1202               0          0.5000;
   198    1.753               0            1202               0          0.5000;
   199    1.762               0            1202               0          0.5000;
   200    1.771               0            1202               0          0.5000;
   201    1.780               0            1202               0          0.5000;
   202    1.789               0            1202               0          0.5000;
   203    1.797               0            1202               0          0.5000;
   204    1.806               0            1202               0          0.5000;
   205    1.815               0            1202               0          0.5000;
   206    1.824               0            1202               0          0.5000;
   207    1.833               0            1202               0          0.5000;
   208    1.842               0            1202               0          0.5000;
   209    1.851               0            1202               0          0.5000;
   210    1.859               0            1202               0          0.5000;
   211    1.868               0            1202               0          0.5000;
   212    1.877               0            1202               0          0.5000;
   213    1.886               0            1202               0          0.5000;
   214    1.895               0            1202               0          0.5000;
   215    1.904               0            1202               0          0.5000;
   216    1.913               0            1202               0          0.5000;
   217    1.921               0            1202               0          0.5000;
   218    1.930               0            1202               0          0.5000;
   219    1.939               0            1202               0          0.5000;
   220    1.948               0            1202               0          0.5000;
   221    1.957               0            1202               0          0.5000;
   222    1.966               0            1202               0          0.5000;
   223    1.974               0            1202               0          0.5000;
   224    1.983               0            1202               0          0.5000;
   225    1.992               0            1202               0          0.5000;
   226    2.001               0            1202               0          0.5000;
   227    2.010               0            1202               0          0.5000;
   228    2.019               0            1202               0          0.5000;
   229    2.028               0            1202               0          0.5000;
   230    2.036               0            1202               0          0.5000;
   231    2.045               0            1202               0          0.5000;
   232    2.054               0            1202               0          0.5000;
   233    2.063               0            1202               0          0.5000;
   234    2.072               0            1202               0          0.5000;
   235    2.081               0            1202               0          0.5000;
   236    2.090               0            1202               0          0.5000;
   237    2.098               0            1202               0          0.5000;
   238    2.107               0            1202               0          0.5000;
   239    2.116               0            1202               0          0.5000;
   240    2.125               0            1202               0          0.5000;
   241    2.134               0            1202               0          0.5000;
   242    2.143               0            1202               0          0.5000;
   243    2.152               0            1202               0          0.5000;
   244    2.160               0            1202               0          0.5000;
   245    2.169               0            1202               0          0.5000;
   246    2.178               0            1202               0          0.5000;
   247    2.187               0            1202               0          0.5000;
   248    2.196               0            1202               0          0.5000;
   249    2.205               0            1202               0          0.5000;
   250    2.214               0            1202               0          0.5000;
   251    2.222               0            1202               0          0.5000;
   252    2.231               0            1202               0          0.5000;
   253    2.240               0            1202               0          0.5000;
   254    2.249               0            1202               0          0.5000;
   255    2.258               0            1202               0          0.5000;
   256    2.267               0            1202               0          0.5000;
   257    2.276               0            1202               0          0.5000;
   258    2.284               0            1202               0          0.5000;
   259    2.293               0            1202               0          0.5000;
   260    2.302               0            1202               0          0.5000;
   261    2.311               0            1202               0          0.5000;
   262    2.320               0            1202               0          0.5000;
   263    2.329               0            1202               0          0.5000;
   264    2.338               0            1202               0          0.5000;
   265    2.346               0            1202               0          0.5000;
   266    2.355               0            1202               0          0.5000;
   267    2.364               0            1202               0          0.5000;
   268    2.373               0            1202               0          0.5000;
   269    2.382               0            1202               0          0.5000;
   270    2.391               0            1202               0          0.5000;
   271    2.399               0            1202               0          0.5000;
   272    2.408               0            1202               0          0.5000;
   273    2.417               0            1202               0          0.5000;
   274    2.426               0            1202               0          0.5000;
   275    2.435               0            1202               0          0.5000;
   276    2.444               0            1202               0          0.5000;
   277    2.453               0            1202               0          0.5000;
   278    2.461               0            1202               0          0.5000;
   279    2.470               0            1202               0          0.5000;
   280    2.479               0            1202               0          0.5000;
   281    2.488               0            1202               0          0.5000;
   282    2.497               0            1202               0          0.5000;
   283    2.506               0            1202               0          0.5000;
   284    2.515               0            1202               0          0.5000;
   285    2.523               0            1202               0          0.5000;
   286    2.532               0            1202               0          0.5000;
   287    2.541               0            1202               0          0.5000;
   288    2.550               0            1202               0          0.5000;
   289    2.559               0            1202               0          0.5000;
   290    2.568               0            1202               0          0.5000;
   291    2.577               0            1202               0          0.5000;
   292    2.585               0            1202               0          0.5000;
   293    2.594               0            1202               0          0.5000;
   294    2.603               0            1202               0          0.5000;
   295    2.612               0            1202               0          0.5000;
   296    2.621               0            1202               0          0.5000;
   297    2.630               0            1202               0          0.5000;
   298    2.639               0            1202               0          0.5000;
   299    2.647               0            1202               0          0.5000;
   300    2.656               0            1202               0          0.5000;
   301    2.665               0            1202               0          0.5000;
   302    2.674               0            1202               0          0.5000;
   303    2.683               0            1202               0          0.5000;
   304    2.692               0            1202               0          0.5000;
   305    2.701               0            1202               0          0.5000;
   306    2.709               0            1202               0          0.5000;
   307    2.718               0            1202               0          0.5000;
   308    2.727               0            1202               0          0.5000;
   309    2.736               0            1202               0          0.5000;
   310    2.745               0            1202               0          0.5000;
   311    2.754               0            1202               0          0.5000;
   312    2.763               0            1202               0          0.5000;
   313    2.771               0            1202               0          0.5000;
   314    2.780               0            1202               0          0.5000;
   315    2.789               0            1202               0          0.5000;
   316    2.798               0            1202               0          0.5000;
   317    2.807               0            1202               0          0.5000;
   318    2.816               0            1202               0          0.5000;
   319    2.824               0            1202               0          0.5000;
   320    2.833               0            1202               0          0.5000;
   321    2.842               0            1202               0          0.5000;
   322    2.851               0            1202               0          0.5000;
   323    2.860               0            1202               0          0.5000;
   324    2.869               0            1202               0          0.5000;
   325    2.878               0            1202               0          0.5000;
   326    2.886               0            1202               0          0.5000;
   327    2.895               0            1202               0          0.5000;
   328    2.904               0            1202               0          0.5000;
   329    2.913               0            1202               0          0.5000;
   330    2.922               0            1202               0          0.5000;
   331    2.931               0            1202               0          0.5000;
   332    2.940               0            1202               0          0.5000;
   333    2.948               0            1202               0          0.5000;
   334    2.957               0            1202               0          0.5000;
   335    2.966               0            1202               0          0.5000;
   336    2.975               0            1202               0          0.5000;
   337    2.984               0            1202               0          0.5000;
   338    2.993               0            1202               0          0.5000;
   339    3.002               0            1202               0          0.0000;
   340    3.010               0            1194               0          0.0000;
   341    3.019               0            1162               0          0.0000;
   342    3.028               0            1112               0          0.0000;
   343    3.037               0            1044               0          0.0000;
   344    3.046               0             958               0          0.0000;
   345    3.055               0             858               0          0.0000;
   346    3.064               0             745               0          0.0000;
   347    3.072               0             621               0          0.0000;
   348    3.081               0             490               0          0.0000;
   349    3.090               0             352               0          0.0000;
   350    3.099               0             212               0          0.0000;
   351    3.108               0              71               0          0.0000;
   352    3.117               0             -68               0          0.0000;
   353    3.126               0            -201               0          0.0000;
   354    3.134               0            -325               0          0.0000;
   355    3.143               0            -439               0          0.0000;
   356    3.152               0            -541               0          0.0000;
   357    3.161               0            -629               0          0.0000;
   358    3.170               0            -701               0          0.0000;
   359    3.179               0            -756               0          0.0000;
   360    3.188               0            -793               0          0.0000;
   361    3.196               0            -813               0          0.0000;
   362    3.205               0            -817               0          0.0000;
   363    3.214               0            -802               0          0.0000;
   364    3.223               0            -774               0          0.0000;
   365    3.232               0            -732               0          0.0000;
   366    3.241               0            -679               0          0.0000;
   367    3.249               0            -615               0          0.0000;
   368    3.258               0            -543               0          0.0000;
   369    3.267               0            -463               0          0.0000;
   370    3.276               0            -379               0          0.0000;
   371    3.285               0            -289               0          0.0000;
   372    3.294               0            -197               0          0.0000;
   373    3.303               0            -103               0          0.0000;
   374    3.311               0             -11               0          0.0000;
   375    3.320               0              79               0          0.0000;
   376    3.329               0             165               0          0.0000;
   377    3.338               0             245               0          0.0000;
   378    3.347               0             315               0          0.0000;
   379    3.356               0             376               0          0.0000;
   380    3.365               0             427               0          0.0000;
   381    3.373               0             466               0          0.0000;
   382    3.382               0             493               0          0.0000;
   383    3.391               0             505               0          0.0000;
   384    3.400               0             507               0          0.0000;
   385    3.409               0             496               0          0.0000;
   386    3.418               0             474               0          0.0000;
   387    3.427               0             442               0          0.0000;
   388    3.435               0             401               0          0.0000;
   389    3.444               0             354               0          0.0000;
   390    3.453               0             302               0          0.0000;
   391    3.462               0             244               0          0.0000;
   392    3.471               0             183               0          0.0000;
   393    3.480               0             119               0          0.0000;
   394    3.489               0              56               0          0.0000;
   395    3.497               0              -6               0          0.0000;
   396    3.506               0             -66               0          0.0000;
   397    3.515               0            -121               0          0.0000;
   398    3.524               0            -172               0          0.0000;
   399    3.533               0            -216               0          0.0000;
   400    3.542               0            -252               0          0.0000;
   401    3.551               0            -280               0          0.0000;
   402    3.559               0            -299               0          0.0000;
   403    3.568               0            -309               0          0.0000;
   404    3.577               0            -311               0          0.0000;
   405    3.586               0            -303               0          0.0000;
   406    3.595               0            -289               0          0.0000;
   407    3.604               0            -269               0          0.0000;
   408    3.613               0            -244               0          0.0000;
   409    3.621               0            -215               0          0.0000;
   410    3.630               0            -183               0          0.0000;
   411    3.639               0            -148               0          0.0000;
   412    3.648               0            -112               0          0.0000;
   413    3.657               0             -75               0          0.0000;
   414    3.666               0             -39               0          0.0000;
   415    3.674               0              -4               0          0.0000;
   416    3.683               0              29               0          0.0000;
   417    3.692               0              60               0          0.0000;
   418    3.701               0              88               0          0.0000;
   419    3.710               0             112               0          0.0000;
   420    3.719               0             132               0          0.0000;
   421    3.728               0             148               0          0.0000;
   422    3.736               0             158               0          0.0000;
   423    3.745               0             162               0          0.0000;
   424    3.754               0             162               0          0.0000;
   425    3.763               0             156               0          0.0000;
   426    3.772               0             147               0          0.0000;
   427    3.781               0             134               0          0.0000;
   428    3.790               0             120               0          0.0000;
   429    3.798               0             104               0          0.0000;
   430    3.807               0              88               0          0.0000;
   431    3.816               0              72               0          0.0000;
   432    3.825               0              56               0          0.0000;
   433    3.834               0              41               0          0.0000;
   434    3.843               0              27               0          0.0000;
   435    3.852               0              15               0          0.0000;
   436    3.860               0               4               0          0.0000;
   437    3.869               0              -5               0          0.0000;
   438    3.878               0             -12               0          0.0000;
   439    3.887               0             -16               0          0.0000;
   440    3.896               0             -19               0          0.0000;
   441    3.905               0             -20               0          0.0000;
   442    3.914               0             -21               0          0.0000;
   443    3.922               0             -18               0          0.0000;
   444    3.931               0             -15               0          0.0000;
   445    3.940               0             -12               0          0.0000;
   446    3.949               0              -9               0          0.0000;
   447    3.958               0              -6               0          0.0000;
   448    3.967               0              -3               0          0.0000;
   449    3.976               0              -0               0          0.0000;
   450    3.984               0               1               0          0.0000;
   451    3.993               0               2               0          0.0000;
   452    4.002               0               3               0          0.0000;
   453    4.011               0               3               0          0.0000;
   454    4.020               0               3               0          0.0000;
   455    4.029               0               3               0          0.0000;
   456    4.038               0               3               0          0.0000;
   457    4.046               0               3               0          0.0000;
   458    4.055               0               3               0          0.0000;
   459    4.064               0               3               0          0.0000;
   460    4.073               0               3               0          0.0000;
   461    4.082               0               3               0          0.0000;
   462    4.091               0               3               0          0.0000;
   463    4.099               0               3               0          0.0000;
   464    4.108               0               3               0          0.0000;
   465    4.117               0               3               0          0.0000;
   466    4.126               0               3               0          0.0000;
   467    4.135               0               3               0          0.0000;
   468    4.144               0               3               0          0.0000;
   469    4.153               0               3               0          0.0000;
   470    4.161               0               3               0          0.0000;
   471    4.170               0               3               0          0.0000;
   472    4.179               0               3               0          0.0000;
   473    4.188               0               3               0          0.0000;
   474    4.197               0               3               0          0.0000;
   475    4.206               0               3               0          0.0000;
   476    4.215               0               3               0          0.0000;
   477    4.223               0               3               0          0.0000;
   478    4.232               0               3               0          0.0000;
   479    4.241               0               3               0          0.0000;
   480    4.250               0               3               0          0.0000;
   481    4.259               0               3               0          0.0000;
   482    4.268               0               3               0          0.0000;
   483    4.277               0               3               0          0.0000;
   484    4.285               0               3               0          0.0000;
   485    4.294               0               3               0          0.0000;
   486    4.303               0               3               0          0.0000;
   487    4.312               0               3               0          0.0000;
   488    4.321               0               3               0          0.0000;
   489    4.330               0               3               0          0.0000;
   490    4.339               0               3               0          0.0000;
   491    4.347               0               3               0          0.0000;
   492    4.356               0               3               0          0.0000;
   493    4.365               0               3               0          0.0000;
   494    4.374               0               3               0          0.0000;
   495    4.383               0               3               0          0.0000;
   496    4.392               0               3               0          0.0000;
   497    4.401               0               3               0          0.0000;
   498    4.409               0               3               0          0.0000;
   499    4.418               0               3               0          0.0000;
   500    4.427               0               3               0          0.0000;
   501    4.436               0               3               0          0.0000;
   502    4.445               0               3               0          0.0000;
   503    4.454               0               3               0          0.0000;
   504    4.463               0               3               0          0.0000;
   505    4.471               0               3               0          0.0000;
   506    4.480               0               3               0          0.0000;
   507    4.489               0               3               0          0.0000;
   508    4.498               0               3               0          0.0000;
   509    4.507               0               3               0          0.0000;
   510    4.516               0               3               0          0.0000;
   511    4.524               0               3               0          0.0000;
   512    4.533               0               3               0          0.0000;
   513    4.542               0               3               0          0.0000;
   514    4.551               0               3               0          0.0000;
   515    4.560               0               3               0          0.0000;
   516    4.569               0               3               0          0.0000;
   517    4.578               0               3               0          0.0000;
   518    4.586               0               3               0          0.0000;
   519    4.595               0               3               0          0.0000;
   520    4.604               0               3               0          0.0000;
   521    4.613               0               3               0          0.0000;
   522    4.622               0               3               0          0.0000;
   523    4.631               0               3               0          0.0000;
   524    4.640               0               3               0          0.0000;
   525    4.648               0               3               0          0.0000;
   526    4.657               0               3               0          0.0000;
   527    4.666               0               3               0          0.0000;
   528    4.675               0               3               0          0.0000;
   529    4.684               0               3               0          0.0000;
   530    4.693               0               3               0          0.0000;
   531    4.702               0               3               0          0.0000;
   532    4.710               0               3               0          0.0000;
   533    4.719               0               3               0          0.0000;
   534    4.728               0               3               0          0.0000;
   535    4.737               0               3               0          0.0000;
   536    4.746               0               3               0          0.0000;
   537    4.755               0               3               0          0.0000;
   538    4.764               0               3               0          0.0000;
   539    4.772               0               3               0          0.0000;
   540    4.781               0               3               0          0.0000;
   541    4.790               0               3               0          0.0000;
   542    4.799               0               3               0          0.0000;
   543    4.808               0               3               0          0.0000;
   544    4.817               0               3               0          0.0000;
   545    4.826               0               3               0          0.0000;
   546    4.834               0               3               0          0.0000;
   547    4.843               0               3               0          0.0000;
   548    4.852               0               3               0          0.0000;
   549    4.861               0               3               0          0.0000;
   550    4.870               0               3               0          0.0000;
   551    4.879               0               3               0          0.0000;
   552    4.888               0               3               0          0.0000;
   553    4.896               0               3               0          0.0000;
   554    4.905               0               3               0          0.0000;
   555    4.914               0               3               0          0.0000;
   556    4.923               0               3               0          0.0000;
   557    4.932               0               3               0          0.0000;
   558    4.941               0               3               0          0.0000;
   559    4.949               0               3               0          0.0000;
   560    4.958               0               3               0          0.0000;
   561    4.967               0               3               0          0.0000;
   562    4.976               0               3               0          0.0000;
   563    4.985               0               3               0          0.0000;
   564    4.994               0               3               0          0.0000;
   565    5.003               0               3               0          0.0000;
   566    5.011               0               3               0          0.0000;
   567    5.020               0               3               0          0.0000;
   568    5.029               0               3               0          0.0000;
   569    5.038               0               3               0          0.0000;
   570    5.047               0               3               0          0.0000;
   571    5.056               0               3               0          0.0000;
   572    5.065               0               3               0          0.0000;
   573    5.073               0               3               0          0.0000;
   574    5.082               0               3               0          0.0000;
   575    5.091               0               3               0          0.0000;
   576    5.100               0               3               0          0.0000;
   577    5.109               0               3               0          0.0000;
   578    5.118               0               3               0          0.0000;
   579    5.127               0               3               0          0.0000;
   580    5.135               0               3               0          0.0000;
   581    5.144               0               3               0          0.0000;
   582    5.153               0               3               0          0.0000;
   583    5.162               0               3               0          0.0000;
   584    5.171               0               3               0          0.0000;
   585    5.180               0               3               0          0.0000;
   586    5.189               0               3               0          0.0000;
   587    5.197               0               3               0          0.0000;
   588    5.206               0               3               0          0.0000;
   589    5.215               0               3               0          0.0000;
   590    5.224               0               3               0          0.0000;
   591    5.233               0               3               0          0.0000;
   592    5.242               0               3               0          0.0000;
   593    5.251               0               3               0          0.0000;
   594    5.259               0               3               0          0.0000;
   595    5.268               0               3               0          0.0000;
   596    5.277               0               3               0          0.0000;
   597    5.286               0               3               0          0.0000;
   598    5.295               0               3               0          0.0000;
   599    5.304               0               3               0          0.0000;
   600    5.313               0               3               0          0.0000;
   601    5.321               0               3               0          0.0000;
   602    5.330               0               3               0          0.0000;
   603    5.339               0               3               0          0.0000;
   604    5.348               0               3               0          0.0000;
   605    5.357               0               3               0          0.0000;
   606    5.366               0               3               0          0.0000;
   607    5.374               0               3               0          0.0000;
   608    5.383               0               3               0          0.0000;
   609    5.392               0               3               0          0.0000;
   610    5.401               0               3               0          0.0000;
   611    5.410               0               3               0          0.0000;
   612    5.419               0               3               0          0.0000;
   613    5.428               0               3               0          0.0000;
   614    5.436               0               3               0          0.0000;
   615    5.445               0               3               0          0.0000;
   616    5.454               0               3               0          0.0000;
   617    5.463               0               3               0          0.0000;
   618    5.472               0               3               0          0.0000;
   619    5.481               0               3               0          0.0000;
   620    5.490               0               3               0          0.0000;
   621    5.498               0               3               0          0.0000;
   622    5.507               0               3               0          0.0000;
   623    5.516               0               3               0          0.0000;
   624    5.525               0               3               0          0.0000;
   625    5.534               0               3               0          0.0000;
   626    5.543               0               3               0          0.0000;
   627    5.552               0               3               0          0.0000;
   628    5.560               0               3               0          0.0000;
   629    5.569               0               3               0          0.0000;
   630    5.578               0               3               0          0.0000;
   631    5.587               0               3               0          0.0000;
   632    5.596               0               3               0          0.0000;
   633    5.605               0               3               0          0.0000;
   634    5.614               0               3               0          0.0000;
   635    5.622               0               3               0          0.0000;
   636    5.631               0               3               0          0.0000;
   637    5.640               0               3               0          0.0000;
   638    5.649               0               3               0          0.0000;
   639    5.658               0               3               0          0.0000;
   640    5.667               0               3               0          0.0000;
   641    5.676               0               3               0          0.0000;
   642    5.684               0               3               0          0.0000;
   643    5.693               0               3               0          0.0000;
   644    5.702               0               3               0          0.0000;
   645    5.711               0               3               0          0.0000;
   646    5.720               0               3               0          0.0000;
   647    5.729               0               3               0          0.0000;
   648    5.738               0               3               0          0.0000;
   649    5.746               0               3               0          0.0000;
   650    5.755               0               3               0          0.0000;
   651    5.764               0               3               0          0.0000;
   652    5.773               0               3               0          0.0000;
   653    5.782               0               3               0          0.0000;
   654    5.791               0               3               0          0.0000;
   655    5.799               0               3               0          0.0000;
   656    5.808               0               3               0          0.0000;
   657    5.817               0               3               0          0.0000;
   658    5.826               0               3               0          0.0000;
   659    5.835               0               3               0          0.0000;
   660    5.844               0               3               0          0.0000;
   661    5.853               0               3               0          0.0000;
   662    5.861               0               3               0          0.0000;
   663    5.870               0               3               0          0.0000;
   664    5.879               0               3               0          0.0000;
   665    5.888               0               3               0          0.0000;
   666    5.897               0               3               0          0.0000;
   667    5.906               0               3               0          0.0000;
   668    5.915               0               3               0          0.0000;
   669    5.923               0               3               0          0.0000;
   670    5.932               0               3               0          0.0000;
   671    5.941               0               3               0          0.0000;
   672    5.950               0               3               0          0.0000;
   673    5.959               0               3               0          0.0000;
   674    5.968               0               3               0          0.0000;
   675    5.977               0               3               0          0.0000;
   676    5.985               0               3               0          0.0000]
