 Sample   Time     Commanded Pos   Encoder 1 Pos   Encoder 2 Pos   Encoder 3 Pos 

[    0    0.000            1000               0               0               0;
     1    0.009            1000               8               0               0;
     2    0.018            1000              30               0               0;
     3    0.027            1000              50               0               0;
     4    0.035            1000              69               2               0;
     5    0.044            1000              86               3               0;
     6    0.053            1000             100               4               0;
     7    0.062            1000             112               7               0;
     8    0.071            1000             123              11               0;
     9    0.080            1000             129              14               0;
    10    0.089            1000             135              18               0;
    11    0.097            1000             138              24               0;
    12    0.106            1000             141              29               0;
    13    0.115            1000             142              36               0;
    14    0.124            1000             143              43               0;
    15    0.133            1000             144              52               0;
    16    0.142            1000             145              61               0;
    17    0.151            1000             149              70               0;
    18    0.159            1000             153              80               0;
    19    0.168            1000             159              91               0;
    20    0.177            1000             167             102               0;
    21    0.186            1000             178             112               0;
    22    0.195            1000             191             123               0;
    23    0.204            1000             207             133               0;
    24    0.213            1000             225             143               0;
    25    0.221            1000             245             154               0;
    26    0.230            1000             266             165               0;
    27    0.239            1000             288             176               0;
    28    0.248            1000             312             188               0;
    29    0.257            1000             337             202               0;
    30    0.266            1000             361             216               0;
    31    0.274            1000             384             233               0;
    32    0.283            1000             405             252               0;
    33    0.292            1000             424             272               0;
    34    0.301            1000             442             294               0;
    35    0.310            1000             457             316               0;
    36    0.319            1000             470             339               0;
    37    0.328            1000             481             364               0;
    38    0.336            1000             491             389               0;
    39    0.345            1000             499             414               0;
    40    0.354            1000             505             439               0;
    41    0.363            1000             510             464               0;
    42    0.372            1000             514             487               0;
    43    0.381            1000             518             510               0;
    44    0.390            1000             523             531               0;
    45    0.398            1000             528             550               0;
    46    0.407            1000             533             568               0;
    47    0.416            1000             541             583               0;
    48    0.425            1000             551             595               0;
    49    0.434            1000             562             603               0;
    50    0.443            1000             575             608               0;
    51    0.452            1000             589             609               0;
    52    0.460            1000             604             609               0;
    53    0.469            1000             619             608               0;
    54    0.478            1000             632             604               0;
    55    0.487            1000             644             600               0;
    56    0.496            1000             653             597               0;
    57    0.505            1000             660             595               0;
    58    0.514            1000             664             594               0;
    59    0.522            1000             666             594               0;
    60    0.531            1000             666             594               0;
    61    0.540            1000             666             596               0;
    62    0.549            1000             666             597               0;
    63    0.558            1000             666             598               0;
    64    0.567            1000             666             599               0;
    65    0.576            1000             666             599               0;
    66    0.584            1000             666             599               0;
    67    0.593            1000             666             599               0;
    68    0.602            1000             666             599               0;
    69    0.611            1000             666             599               0;
    70    0.620            1000             666             599               0;
    71    0.629            1000             666             599               0;
    72    0.638            1000             668             599               0;
    73    0.646            1000             669             599               0;
    74    0.655            1000             672             599               0;
    75    0.664            1000             674             599               0;
    76    0.673            1000             678             599               0;
    77    0.682            1000             682             599               0;
    78    0.691            1000             687             599               0;
    79    0.699            1000             693             599               0;
    80    0.708            1000             700             599               0;
    81    0.717            1000             709             599               0;
    82    0.726            1000             719             599               0;
    83    0.735            1000             728             600               0;
    84    0.744            1000             739             601               0;
    85    0.753            1000             749             603               0;
    86    0.761            1000             758             605               0;
    87    0.770            1000             766             607               0;
    88    0.779            1000             772             610               0;
    89    0.788            1000             776             613               0;
    90    0.797            1000             778             616               0;
    91    0.806            1000             779             620               0;
    92    0.815            1000             779             624               0;
    93    0.823            1000             779             628               0;
    94    0.832            1000             779             633               0;
    95    0.841            1000             779             638               0;
    96    0.850            1000             779             644               0;
    97    0.859            1000             779             650               0;
    98    0.868            1000             779             656               0;
    99    0.877            1000             780             662               0;
   100    0.885            1000             781             669               0;
   101    0.894            1000             784             676               0;
   102    0.903            1000             786             682               0;
   103    0.912            1000             789             689               0;
   104    0.921            1000             793             696               0;
   105    0.930            1000             797             703               0;
   106    0.939            1000             802             710               0;
   107    0.947            1000             808             717               0;
   108    0.956            1000             814             724               0;
   109    0.965            1000             821             731               0;
   110    0.974            1000             830             737               0;
   111    0.983            1000             839             742               0;
   112    0.992            1000             849             746               0;
   113    1.001            1000             860             750               0;
   114    1.009            1000             873             753               0;
   115    1.018            1000             888             756               0;
   116    1.027            1000             903             758               0;
   117    1.036            1000             919             761               0;
   118    1.045            1000             934             763               0;
   119    1.054            1000             948             765               0;
   120    1.063            1000             958             768               0;
   121    1.071            1000             965             772               0;
   122    1.080            1000             968             776               0;
   123    1.089            1000             968             780               0;
   124    1.098            1000             968             784               0;
   125    1.107            1000             965             789               0;
   126    1.116            1000             961             793               0;
   127    1.124            1000             959             797               0;
   128    1.133            1000             958             801               0;
   129    1.142            1000             958             804               0;
   130    1.151            1000             958             807               0;
   131    1.160            1000             958             810               0;
   132    1.169            1000             960             813               0;
   133    1.178            1000             960             815               0;
   134    1.186            1000             960             818               0;
   135    1.195            1000             960             821               0;
   136    1.204            1000             960             824               0;
   137    1.213            1000             961             827               0;
   138    1.222            1000             961             830               0;
   139    1.231            1000             961             833               0;
   140    1.240            1000             962             836               0;
   141    1.248            1000             963             839               0;
   142    1.257            1000             964             843               0;
   143    1.266            1000             965             846               0;
   144    1.275            1000             966             849               0;
   145    1.284            1000             967             852               0;
   146    1.293            1000             968             856               0;
   147    1.302            1000             969             859               0;
   148    1.310            1000             970             861               0;
   149    1.319            1000             972             863               0;
   150    1.328            1000             972             865               0;
   151    1.337            1000             974             866               0;
   152    1.346            1000             975             866               0;
   153    1.355            1000             976             867               0;
   154    1.364            1000             978             867               0;
   155    1.372            1000             980             867               0;
   156    1.381            1000             981             867               0;
   157    1.390            1000             982             867               0;
   158    1.399            1000             983             867               0;
   159    1.408            1000             984             867               0;
   160    1.417            1000             985             867               0;
   161    1.426            1000             986             867               0;
   162    1.434            1000             987             867               0;
   163    1.443            1000             988             867               0;
   164    1.452            1000             989             867               0;
   165    1.461            1000             991             867               0;
   166    1.470            1000             992             867               0;
   167    1.479            1000             994             867               0;
   168    1.488            1000             996             867               0;
   169    1.496            1000             998             867               0;
   170    1.505            1000            1002             867               0;
   171    1.514            1000            1007             867               0;
   172    1.523            1000            1012             867               0;
   173    1.532            1000            1018             868               0;
   174    1.541            1000            1025             869               0;
   175    1.549            1000            1032             871               0;
   176    1.558            1000            1039             872               0;
   177    1.567            1000            1045             874               0;
   178    1.576            1000            1052             877               0;
   179    1.585            1000            1056             881               0;
   180    1.594            1000            1060             885               0;
   181    1.603            1000            1062             890               0;
   182    1.611            1000            1063             895               0;
   183    1.620            1000            1063             902               0;
   184    1.629            1000            1063             908               0;
   185    1.638            1000            1063             915               0;
   186    1.647            1000            1063             922               0;
   187    1.656            1000            1063             929               0;
   188    1.665            1000            1063             936               0;
   189    1.673            1000            1063             943               0;
   190    1.682            1000            1063             949               0;
   191    1.691            1000            1063             954               0;
   192    1.700            1000            1063             959               0;
   193    1.709            1000            1063             962               0;
   194    1.718            1000            1064             963               0;
   195    1.727            1000            1064             964               0;
   196    1.735            1000            1066             964               0;
   197    1.744            1000            1067             964               0;
   198    1.753            1000            1068             963               0;
   199    1.762            1000            1069             962               0;
   200    1.771            1000            1069             961               0;
   201    1.780            1000            1070             961               0;
   202    1.789            1000            1070             961               0;
   203    1.797            1000            1071             961               0;
   204    1.806            1000            1071             961               0;
   205    1.815            1000            1071             961               0;
   206    1.824            1000            1071             961               0;
   207    1.833            1000            1071             961               0;
   208    1.842            1000            1071             961               0;
   209    1.851            1000            1071             961               0;
   210    1.859            1000            1071             961               0;
   211    1.868            1000            1071             961               0;
   212    1.877            1000            1071             961               0;
   213    1.886            1000            1071             961               0;
   214    1.895            1000            1071             961               0;
   215    1.904            1000            1071             961               0;
   216    1.913            1000            1071             961               0;
   217    1.921            1000            1072             961               0;
   218    1.930            1000            1072             961               0;
   219    1.939            1000            1072             961               0;
   220    1.948            1000            1072             961               0;
   221    1.957            1000            1072             961               0;
   222    1.966            1000            1072             961               0;
   223    1.974            1000            1073             961               0;
   224    1.983            1000            1073             961               0;
   225    1.992            1000            1073             961               0;
   226    2.001            1000            1074             961               0;
   227    2.010            1000            1074             961               0;
   228    2.019            1000            1075             961               0;
   229    2.028            1000            1075             961               0;
   230    2.036            1000            1075             961               0;
   231    2.045            1000            1075             961               0;
   232    2.054            1000            1076             961               0;
   233    2.063            1000            1076             961               0;
   234    2.072            1000            1076             961               0;
   235    2.081            1000            1076             961               0;
   236    2.090            1000            1077             961               0;
   237    2.098            1000            1077             961               0;
   238    2.107            1000            1077             961               0;
   239    2.116            1000            1077             961               0;
   240    2.125            1000            1078             961               0;
   241    2.134            1000            1078             961               0;
   242    2.143            1000            1078             961               0;
   243    2.152            1000            1079             961               0;
   244    2.160            1000            1079             961               0;
   245    2.169            1000            1079             961               0;
   246    2.178            1000            1080             961               0;
   247    2.187            1000            1080             961               0;
   248    2.196            1000            1080             961               0;
   249    2.205            1000            1080             961               0;
   250    2.214            1000            1081             961               0;
   251    2.222            1000            1081             961               0;
   252    2.231            1000            1082             961               0;
   253    2.240            1000            1082             961               0;
   254    2.249            1000            1083             961               0;
   255    2.258            1000            1083             961               0;
   256    2.267            1000            1084             961               0;
   257    2.276            1000            1084             961               0;
   258    2.284            1000            1084             961               0;
   259    2.293            1000            1085             961               0;
   260    2.302            1000            1085             961               0;
   261    2.311            1000            1086             961               0;
   262    2.320            1000            1087             961               0;
   263    2.329            1000            1087             961               0;
   264    2.338            1000            1088             961               0;
   265    2.346            1000            1088             961               0;
   266    2.355            1000            1088             961               0;
   267    2.364            1000            1089             961               0;
   268    2.373            1000            1089             961               0;
   269    2.382            1000            1090             961               0;
   270    2.391            1000            1090             961               0;
   271    2.399            1000            1090             961               0;
   272    2.408            1000            1091             961               0;
   273    2.417            1000            1091             961               0;
   274    2.426            1000            1091             961               0;
   275    2.435            1000            1091             961               0;
   276    2.444            1000            1092             961               0;
   277    2.453            1000            1092             961               0;
   278    2.461            1000            1092             961               0;
   279    2.470            1000            1093             961               0;
   280    2.479            1000            1093             961               0;
   281    2.488            1000            1093             961               0;
   282    2.497            1000            1094             961               0;
   283    2.506            1000            1094             961               0;
   284    2.515            1000            1095             961               0;
   285    2.523            1000            1095             961               0;
   286    2.532            1000            1095             961               0;
   287    2.541            1000            1096             961               0;
   288    2.550            1000            1096             961               0;
   289    2.559            1000            1096             961               0;
   290    2.568            1000            1096             961               0;
   291    2.577            1000            1097             961               0;
   292    2.585            1000            1098             961               0;
   293    2.594            1000            1098             961               0;
   294    2.603            1000            1099             961               0;
   295    2.612            1000            1100             961               0;
   296    2.621            1000            1100             961               0;
   297    2.630            1000            1101             961               0;
   298    2.639            1000            1101             961               0;
   299    2.647            1000            1102             961               0;
   300    2.656            1000            1103             961               0;
   301    2.665            1000            1103             961               0;
   302    2.674            1000            1104             961               0;
   303    2.683            1000            1104             961               0;
   304    2.692            1000            1105             961               0;
   305    2.701            1000            1105             961               0;
   306    2.709            1000            1106             961               0;
   307    2.718            1000            1107             961               0;
   308    2.727            1000            1107             961               0;
   309    2.736            1000            1108             963               0;
   310    2.745            1000            1108             963               0;
   311    2.754            1000            1109             963               0;
   312    2.763            1000            1112             963               0;
   313    2.771            1000            1115             963               0;
   314    2.780            1000            1119             963               0;
   315    2.789            1000            1124             963               0;
   316    2.798            1000            1128             963               0;
   317    2.807            1000            1133             963               0;
   318    2.816            1000            1137             963               0;
   319    2.824            1000            1141             964               0;
   320    2.833            1000            1144             965               0;
   321    2.842            1000            1147             966               0;
   322    2.851            1000            1149             968               0;
   323    2.860            1000            1151             969               0;
   324    2.869            1000            1152             970               0;
   325    2.878            1000            1152             972               0;
   326    2.886            1000            1152             973               0;
   327    2.895            1000            1152             975               0;
   328    2.904            1000            1152             976               0;
   329    2.913            1000            1152             977               0;
   330    2.922            1000            1152             978               0;
   331    2.931            1000            1152             978               0;
   332    2.940            1000            1152             979               0;
   333    2.948            1000            1152             979               0;
   334    2.957            1000            1152             980               0;
   335    2.966            1000            1152             980               0;
   336    2.975            1000            1152             980               0;
   337    2.984            1000            1152             980               0;
   338    2.993            1000            1152             980               0;
   339    3.002               0            1152             980               0;
   340    3.010               0            1145             980               0;
   341    3.019               0            1122             980               0;
   342    3.028               0            1099             980               0;
   343    3.037               0            1076             980               0;
   344    3.046               0            1053             979               0;
   345    3.055               0            1033             977               0;
   346    3.064               0            1015             975               0;
   347    3.072               0            1001             971               0;
   348    3.081               0             990             968               0;
   349    3.090               0             981             964               0;
   350    3.099               0             974             960               0;
   351    3.108               0             970             956               0;
   352    3.117               0             968             952               0;
   353    3.126               0             967             949               0;
   354    3.134               0             966             946               0;
   355    3.143               0             966             944               0;
   356    3.152               0             966             943               0;
   357    3.161               0             965             943               0;
   358    3.170               0             962             943               0;
   359    3.179               0             958             943               0;
   360    3.188               0             953             943               0;
   361    3.196               0             947             943               0;
   362    3.205               0             939             943               0;
   363    3.214               0             929             943               0;
   364    3.223               0             919             943               0;
   365    3.232               0             909             943               0;
   366    3.241               0             897             943               0;
   367    3.249               0             886             942               0;
   368    3.258               0             874             940               0;
   369    3.267               0             862             938               0;
   370    3.276               0             849             936               0;
   371    3.285               0             834             932               0;
   372    3.294               0             818             928               0;
   373    3.303               0             801             922               0;
   374    3.311               0             782             916               0;
   375    3.320               0             763             908               0;
   376    3.329               0             745             899               0;
   377    3.338               0             729             888               0;
   378    3.347               0             714             876               0;
   379    3.356               0             702             862               0;
   380    3.365               0             691             847               0;
   381    3.373               0             681             830               0;
   382    3.382               0             673             813               0;
   383    3.391               0             666             794               0;
   384    3.400               0             659             773               0;
   385    3.409               0             653             752               0;
   386    3.418               0             645             731               0;
   387    3.427               0             636             710               0;
   388    3.435               0             625             691               0;
   389    3.444               0             613             672               0;
   390    3.453               0             599             656               0;
   391    3.462               0             585             640               0;
   392    3.471               0             570             626               0;
   393    3.480               0             554             613               0;
   394    3.489               0             539             600               0;
   395    3.497               0             524             588               0;
   396    3.506               0             508             577               0;
   397    3.515               0             492             567               0;
   398    3.524               0             477             558               0;
   399    3.533               0             463             550               0;
   400    3.542               0             450             544               0;
   401    3.551               0             438             538               0;
   402    3.559               0             429             533               0;
   403    3.568               0             420             530               0;
   404    3.577               0             414             527               0;
   405    3.586               0             408             526               0;
   406    3.595               0             404             525               0;
   407    3.604               0             400             524               0;
   408    3.613               0             397             524               0;
   409    3.621               0             394             524               0;
   410    3.630               0             393             524               0;
   411    3.639               0             390             524               0;
   412    3.648               0             389             524               0;
   413    3.657               0             386             524               0;
   414    3.666               0             383             524               0;
   415    3.674               0             380             524               0;
   416    3.683               0             376             524               0;
   417    3.692               0             370             524               0;
   418    3.701               0             365             524               0;
   419    3.710               0             358             524               0;
   420    3.719               0             353             524               0;
   421    3.728               0             345             523               0;
   422    3.736               0             338             521               0;
   423    3.745               0             331             520               0;
   424    3.754               0             324             518               0;
   425    3.763               0             317             515               0;
   426    3.772               0             310             512               0;
   427    3.781               0             303             509               0;
   428    3.790               0             296             504               0;
   429    3.798               0             289             500               0;
   430    3.807               0             283             494               0;
   431    3.816               0             278             486               0;
   432    3.825               0             272             478               0;
   433    3.834               0             266             469               0;
   434    3.843               0             261             459               0;
   435    3.852               0             256             448               0;
   436    3.860               0             250             436               0;
   437    3.869               0             246             424               0;
   438    3.878               0             241             412               0;
   439    3.887               0             237             400               0;
   440    3.896               0             232             387               0;
   441    3.905               0             227             375               0;
   442    3.914               0             222             363               0;
   443    3.922               0             216             352               0;
   444    3.931               0             209             342               0;
   445    3.940               0             203             332               0;
   446    3.949               0             197             322               0;
   447    3.958               0             191             313               0;
   448    3.967               0             186             304               0;
   449    3.976               0             183             295               0;
   450    3.984               0             180             287               0;
   451    3.993               0             178             280               0;
   452    4.002               0             177             274               0;
   453    4.011               0             177             270               0;
   454    4.020               0             177             268               0;
   455    4.029               0             177             267               0;
   456    4.038               0             177             267               0;
   457    4.046               0             177             267               0;
   458    4.055               0             177             269               0;
   459    4.064               0             177             270               0;
   460    4.073               0             177             271               0;
   461    4.082               0             177             272               0;
   462    4.091               0             177             272               0;
   463    4.099               0             177             272               0;
   464    4.108               0             177             272               0;
   465    4.117               0             177             272               0;
   466    4.126               0             177             272               0;
   467    4.135               0             177             272               0;
   468    4.144               0             176             272               0;
   469    4.153               0             174             272               0;
   470    4.161               0             172             272               0;
   471    4.170               0             169             272               0;
   472    4.179               0             166             272               0;
   473    4.188               0             162             272               0;
   474    4.197               0             157             272               0;
   475    4.206               0             152             272               0;
   476    4.215               0             146             272               0;
   477    4.223               0             138             272               0;
   478    4.232               0             131             272               0;
   479    4.241               0             125             271               0;
   480    4.250               0             118             271               0;
   481    4.259               0             112             269               0;
   482    4.268               0             107             269               0;
   483    4.277               0             102             268               0;
   484    4.285               0              98             267               0;
   485    4.294               0              94             266               0;
   486    4.303               0              92             265               0;
   487    4.312               0              90             264               0;
   488    4.321               0              89             264               0;
   489    4.330               0              89             263               0;
   490    4.339               0              89             262               0;
   491    4.347               0              89             261               0;
   492    4.356               0              89             261               0;
   493    4.365               0              89             261               0;
   494    4.374               0              89             260               0;
   495    4.383               0              89             260               0;
   496    4.392               0              87             260               0;
   497    4.401               0              86             260               0;
   498    4.409               0              84             260               0;
   499    4.418               0              82             260               0;
   500    4.427               0              80             260               0;
   501    4.436               0              77             260               0;
   502    4.445               0              74             260               0;
   503    4.454               0              70             260               0;
   504    4.463               0              66             259               0;
   505    4.471               0              61             259               0;
   506    4.480               0              55             258               0;
   507    4.489               0              49             257               0;
   508    4.498               0              42             255               0;
   509    4.507               0              34             254               0;
   510    4.516               0              27             252               0;
   511    4.524               0              19             250               0;
   512    4.533               0              12             246               0;
   513    4.542               0               6             244               0;
   514    4.551               0               2             240               0;
   515    4.560               0              -1             236               0;
   516    4.569               0              -2             231               0;
   517    4.578               0              -3             225               0;
   518    4.586               0              -3             220               0;
   519    4.595               0              -3             213               0;
   520    4.604               0              -3             207               0;
   521    4.613               0              -3             200               0;
   522    4.622               0              -3             193               0;
   523    4.631               0              -3             186               0;
   524    4.640               0              -3             179               0;
   525    4.648               0              -5             171               0;
   526    4.657               0              -7             164               0;
   527    4.666               0              -8             156               0;
   528    4.675               0             -11             148               0;
   529    4.684               0             -14             141               0;
   530    4.693               0             -16             133               0;
   531    4.702               0             -20             126               0;
   532    4.710               0             -23             119               0;
   533    4.719               0             -27             112               0;
   534    4.728               0             -31             106               0;
   535    4.737               0             -35             100               0;
   536    4.746               0             -40              95               0;
   537    4.755               0             -45              91               0;
   538    4.764               0             -50              87               0;
   539    4.772               0             -56              84               0;
   540    4.781               0             -63              82               0;
   541    4.790               0             -71              80               0;
   542    4.799               0             -79              79               0;
   543    4.808               0             -87              78               0;
   544    4.817               0             -95              78               0;
   545    4.826               0            -103              77               0;
   546    4.834               0            -109              76               0;
   547    4.843               0            -114              76               0;
   548    4.852               0            -118              75               0;
   549    4.861               0            -119              73               0;
   550    4.870               0            -119              72               0;
   551    4.879               0            -119              71               0;
   552    4.888               0            -119              69               0;
   553    4.896               0            -118              68               0;
   554    4.905               0            -118              67               0;
   555    4.914               0            -118              66               0;
   556    4.923               0            -118              66               0;
   557    4.932               0            -118              66               0;
   558    4.941               0            -118              65               0;
   559    4.949               0            -118              65               0;
   560    4.958               0            -118              65               0;
   561    4.967               0            -118              65               0;
   562    4.976               0            -118              65               0;
   563    4.985               0            -118              65               0;
   564    4.994               0            -118              65               0;
   565    5.003               0            -118              65               0;
   566    5.011               0            -118              65               0;
   567    5.020               0            -118              65               0;
   568    5.029               0            -118              65               0;
   569    5.038               0            -118              65               0;
   570    5.047               0            -118              65               0;
   571    5.056               0            -118              65               0;
   572    5.065               0            -118              65               0;
   573    5.073               0            -118              65               0;
   574    5.082               0            -118              65               0;
   575    5.091               0            -118              65               0;
   576    5.100               0            -118              65               0;
   577    5.109               0            -118              65               0;
   578    5.118               0            -118              65               0;
   579    5.127               0            -118              65               0;
   580    5.135               0            -118              65               0;
   581    5.144               0            -118              65               0;
   582    5.153               0            -118              65               0;
   583    5.162               0            -118              65               0;
   584    5.171               0            -118              65               0;
   585    5.180               0            -118              65               0;
   586    5.189               0            -118              65               0;
   587    5.197               0            -118              65               0;
   588    5.206               0            -119              65               0;
   589    5.215               0            -119              65               0;
   590    5.224               0            -119              65               0;
   591    5.233               0            -119              65               0;
   592    5.242               0            -119              65               0;
   593    5.251               0            -119              65               0;
   594    5.259               0            -119              65               0;
   595    5.268               0            -119              65               0;
   596    5.277               0            -119              65               0;
   597    5.286               0            -119              65               0;
   598    5.295               0            -119              65               0;
   599    5.304               0            -120              65               0;
   600    5.313               0            -120              65               0;
   601    5.321               0            -121              65               0;
   602    5.330               0            -122              65               0;
   603    5.339               0            -122              65               0;
   604    5.348               0            -122              65               0;
   605    5.357               0            -122              65               0;
   606    5.366               0            -123              65               0;
   607    5.374               0            -123              65               0;
   608    5.383               0            -123              65               0;
   609    5.392               0            -124              65               0;
   610    5.401               0            -124              65               0;
   611    5.410               0            -125              65               0;
   612    5.419               0            -125              65               0;
   613    5.428               0            -125              65               0;
   614    5.436               0            -126              65               0;
   615    5.445               0            -126              65               0;
   616    5.454               0            -126              65               0;
   617    5.463               0            -127              65               0;
   618    5.472               0            -127              65               0;
   619    5.481               0            -127              65               0;
   620    5.490               0            -128              65               0;
   621    5.498               0            -128              65               0;
   622    5.507               0            -129              65               0;
   623    5.516               0            -129              64               0;
   624    5.525               0            -130              64               0;
   625    5.534               0            -130              64               0;
   626    5.543               0            -130              64               0;
   627    5.552               0            -131              64               0;
   628    5.560               0            -131              64               0;
   629    5.569               0            -131              64               0;
   630    5.578               0            -132              64               0;
   631    5.587               0            -133              64               0;
   632    5.596               0            -133              63               0;
   633    5.605               0            -134              63               0;
   634    5.614               0            -135              63               0;
   635    5.622               0            -135              63               0;
   636    5.631               0            -136              63               0;
   637    5.640               0            -137              62               0;
   638    5.649               0            -138              62               0;
   639    5.658               0            -138              61               0;
   640    5.667               0            -139              61               0;
   641    5.676               0            -140              61               0;
   642    5.684               0            -140              60               0;
   643    5.693               0            -141              60               0;
   644    5.702               0            -142              60               0;
   645    5.711               0            -142              60               0;
   646    5.720               0            -143              59               0;
   647    5.729               0            -143              59               0;
   648    5.738               0            -144              59               0;
   649    5.746               0            -144              59               0;
   650    5.755               0            -145              58               0;
   651    5.764               0            -146              58               0;
   652    5.773               0            -146              58               0;
   653    5.782               0            -148              57               0;
   654    5.791               0            -151              57               0;
   655    5.799               0            -154              57               0;
   656    5.808               0            -158              57               0;
   657    5.817               0            -162              56               0;
   658    5.826               0            -166              56               0;
   659    5.835               0            -170              55               0;
   660    5.844               0            -174              54               0;
   661    5.853               0            -177              53               0;
   662    5.861               0            -180              51               0;
   663    5.870               0            -183              50               0;
   664    5.879               0            -185              49               0;
   665    5.888               0            -186              47               0;
   666    5.897               0            -187              45               0;
   667    5.906               0            -187              44               0;
   668    5.915               0            -187              40               0;
   669    5.923               0            -187              39               0;
   670    5.932               0            -187              36               0;
   671    5.941               0            -187              32               0;
   672    5.950               0            -187              28               0;
   673    5.959               0            -187              22               0;
   674    5.968               0            -187              17               0;
   675    5.977               0            -187              10               0;
   676    5.985               0            -187               1               0]
