 Sample   Time     Commanded Pos   Encoder 1 Pos   Encoder 2 Pos 

[    0    0.000            1000               0               0;
     1    0.009            1000              11               0;
     2    0.018            1000              26               0;
     3    0.027            1000              44               0;
     4    0.035            1000              61               0;
     5    0.044            1000              78               2;
     6    0.053            1000              94               4;
     7    0.062            1000             111               7;
     8    0.071            1000             127              10;
     9    0.080            1000             143              14;
    10    0.089            1000             158              19;
    11    0.097            1000             172              24;
    12    0.106            1000             184              31;
    13    0.115            1000             195              40;
    14    0.124            1000             204              49;
    15    0.133            1000             212              60;
    16    0.142            1000             219              73;
    17    0.151            1000             225              87;
    18    0.159            1000             230             101;
    19    0.168            1000             234             117;
    20    0.177            1000             237             134;
    21    0.186            1000             240             152;
    22    0.195            1000             243             171;
    23    0.204            1000             247             190;
    24    0.213            1000             253             208;
    25    0.221            1000             261             226;
    26    0.230            1000             270             242;
    27    0.239            1000             282             256;
    28    0.248            1000             298             270;
    29    0.257            1000             316             282;
    30    0.266            1000             337             293;
    31    0.274            1000             360             303;
    32    0.283            1000             386             313;
    33    0.292            1000             412             324;
    34    0.301            1000             438             335;
    35    0.310            1000             463             346;
    36    0.319            1000             487             358;
    37    0.328            1000             510             371;
    38    0.336            1000             532             385;
    39    0.345            1000             553             400;
    40    0.354            1000             570             416;
    41    0.363            1000             585             433;
    42    0.372            1000             596             451;
    43    0.381            1000             604             471;
    44    0.390            1000             609             491;
    45    0.398            1000             611             512;
    46    0.407            1000             611             532;
    47    0.416            1000             611             551;
    48    0.425            1000             611             569;
    49    0.434            1000             611             585;
    50    0.443            1000             611             600;
    51    0.452            1000             611             612;
    52    0.460            1000             612             623;
    53    0.469            1000             614             632;
    54    0.478            1000             617             639;
    55    0.487            1000             620             644;
    56    0.496            1000             624             646;
    57    0.505            1000             629             646;
    58    0.514            1000             634             646;
    59    0.522            1000             639             642;
    60    0.531            1000             645             640;
    61    0.540            1000             651             637;
    62    0.549            1000             657             636;
    63    0.558            1000             662             635;
    64    0.567            1000             668             635;
    65    0.576            1000             674             635;
    66    0.584            1000             680             637;
    67    0.593            1000             686             637;
    68    0.602            1000             693             639;
    69    0.611            1000             700             640;
    70    0.620            1000             707             641;
    71    0.629            1000             714             642;
    72    0.638            1000             722             642;
    73    0.646            1000             730             643;
    74    0.655            1000             738             643;
    75    0.664            1000             746             643;
    76    0.673            1000             752             643;
    77    0.682            1000             758             644;
    78    0.691            1000             762             644;
    79    0.699            1000             764             645;
    80    0.708            1000             765             646;
    81    0.717            1000             765             647;
    82    0.726            1000             765             648;
    83    0.735            1000             765             648;
    84    0.744            1000             765             648;
    85    0.753            1000             765             648;
    86    0.761            1000             765             649;
    87    0.770            1000             765             649;
    88    0.779            1000             765             649;
    89    0.788            1000             765             649;
    90    0.797            1000             765             649;
    91    0.806            1000             765             649;
    92    0.815            1000             766             649;
    93    0.823            1000             767             649;
    94    0.832            1000             768             650;
    95    0.841            1000             769             650;
    96    0.850            1000             770             650;
    97    0.859            1000             770             650;
    98    0.868            1000             771             650;
    99    0.877            1000             773             650;
   100    0.885            1000             774             650;
   101    0.894            1000             775             650;
   102    0.903            1000             777             650;
   103    0.912            1000             778             650;
   104    0.921            1000             781             651;
   105    0.930            1000             782             651;
   106    0.939            1000             784             652;
   107    0.947            1000             786             652;
   108    0.956            1000             788             653;
   109    0.965            1000             791             653;
   110    0.974            1000             794             654;
   111    0.983            1000             798             655;
   112    0.992            1000             802             655;
   113    1.001            1000             807             656;
   114    1.009            1000             813             657;
   115    1.018            1000             819             659;
   116    1.027            1000             826             660;
   117    1.036            1000             834             662;
   118    1.045            1000             843             665;
   119    1.054            1000             854             668;
   120    1.063            1000             865             672;
   121    1.071            1000             877             676;
   122    1.080            1000             889             682;
   123    1.089            1000             902             687;
   124    1.098            1000             916             694;
   125    1.107            1000             930             701;
   126    1.116            1000             944             708;
   127    1.124            1000             957             717;
   128    1.133            1000             968             728;
   129    1.142            1000             977             740;
   130    1.151            1000             985             755;
   131    1.160            1000             991             771;
   132    1.169            1000             995             789;
   133    1.178            1000             998             808;
   134    1.186            1000            1000             827;
   135    1.195            1000            1001             847;
   136    1.204            1000            1002             866;
   137    1.213            1000            1002             886;
   138    1.222            1000            1002             905;
   139    1.231            1000            1002             923;
   140    1.240            1000            1002             940;
   141    1.248            1000            1003             954;
   142    1.257            1000            1006             967;
   143    1.266            1000            1009             976;
   144    1.275            1000            1012             982;
   145    1.284            1000            1017             984;
   146    1.293            1000            1023             984;
   147    1.302            1000            1030             981;
   148    1.310            1000            1038             976;
   149    1.319            1000            1046             971;
   150    1.328            1000            1055             966;
   151    1.337            1000            1062             962;
   152    1.346            1000            1069             960;
   153    1.355            1000            1074             959;
   154    1.364            1000            1077             959;
   155    1.372            1000            1079             961;
   156    1.381            1000            1080             963;
   157    1.390            1000            1080             965;
   158    1.399            1000            1080             967;
   159    1.408            1000            1079             968;
   160    1.417            1000            1078             969;
   161    1.426            1000            1077             969;
   162    1.434            1000            1077             969;
   163    1.443            1000            1077             969;
   164    1.452            1000            1077             969;
   165    1.461            1000            1077             969;
   166    1.470            1000            1077             969;
   167    1.479            1000            1077             969;
   168    1.488            1000            1077             969;
   169    1.496            1000            1077             969;
   170    1.505            1000            1077             969;
   171    1.514            1000            1077             969;
   172    1.523            1000            1077             969;
   173    1.532            1000            1077             969;
   174    1.541            1000            1077             969;
   175    1.549            1000            1077             969;
   176    1.558            1000            1077             969;
   177    1.567            1000            1077             969;
   178    1.576            1000            1077             969;
   179    1.585            1000            1077             969;
   180    1.594            1000            1077             969;
   181    1.603            1000            1077             969;
   182    1.611            1000            1077             969;
   183    1.620            1000            1077             969;
   184    1.629            1000            1077             969;
   185    1.638            1000            1077             969;
   186    1.647            1000            1077             969;
   187    1.656            1000            1077             969;
   188    1.665            1000            1077             969;
   189    1.673            1000            1077             969;
   190    1.682            1000            1077             969;
   191    1.691            1000            1077             969;
   192    1.700            1000            1077             969;
   193    1.709            1000            1077             969;
   194    1.718            1000            1077             969;
   195    1.727            1000            1077             969;
   196    1.735            1000            1077             969;
   197    1.744            1000            1077             969;
   198    1.753            1000            1077             969;
   199    1.762            1000            1077             969;
   200    1.771            1000            1077             969;
   201    1.780            1000            1077             969;
   202    1.789            1000            1077             969;
   203    1.797            1000            1077             969;
   204    1.806            1000            1077             969;
   205    1.815            1000            1077             969;
   206    1.824            1000            1077             969;
   207    1.833            1000            1077             969;
   208    1.842            1000            1077             969;
   209    1.851            1000            1077             969;
   210    1.859            1000            1077             969;
   211    1.868            1000            1077             969;
   212    1.877            1000            1077             969;
   213    1.886            1000            1077             969;
   214    1.895            1000            1077             969;
   215    1.904            1000            1077             969;
   216    1.913            1000            1077             969;
   217    1.921            1000            1077             969;
   218    1.930            1000            1077             969;
   219    1.939            1000            1077             969;
   220    1.948            1000            1077             969;
   221    1.957            1000            1077             969;
   222    1.966            1000            1077             969;
   223    1.974            1000            1077             969;
   224    1.983            1000            1077             969;
   225    1.992            1000            1077             969;
   226    2.001            1000            1077             969;
   227    2.010            1000            1077             969;
   228    2.019            1000            1077             969;
   229    2.028            1000            1077             969;
   230    2.036            1000            1077             969;
   231    2.045            1000            1077             969;
   232    2.054            1000            1077             969;
   233    2.063            1000            1077             969;
   234    2.072            1000            1077             969;
   235    2.081            1000            1077             969;
   236    2.090            1000            1077             969;
   237    2.098            1000            1077             969;
   238    2.107            1000            1077             969;
   239    2.116            1000            1077             969;
   240    2.125            1000            1077             969;
   241    2.134            1000            1077             969;
   242    2.143            1000            1077             969;
   243    2.152            1000            1077             969;
   244    2.160            1000            1077             969;
   245    2.169            1000            1077             969;
   246    2.178            1000            1077             969;
   247    2.187            1000            1077             969;
   248    2.196            1000            1077             969;
   249    2.205            1000            1077             969;
   250    2.214            1000            1077             969;
   251    2.222            1000            1077             969;
   252    2.231            1000            1077             969;
   253    2.240            1000            1079             969;
   254    2.249            1000            1079             969;
   255    2.258            1000            1079             969;
   256    2.267            1000            1079             969;
   257    2.276            1000            1079             969;
   258    2.284            1000            1079             969;
   259    2.293            1000            1079             969;
   260    2.302            1000            1079             969;
   261    2.311            1000            1079             969;
   262    2.320            1000            1079             969;
   263    2.329            1000            1079             969;
   264    2.338            1000            1079             969;
   265    2.346            1000            1079             969;
   266    2.355            1000            1079             969;
   267    2.364            1000            1079             969;
   268    2.373            1000            1079             969;
   269    2.382            1000            1079             969;
   270    2.391            1000            1079             969;
   271    2.399            1000            1079             969;
   272    2.408            1000            1079             969;
   273    2.417            1000            1079             969;
   274    2.426            1000            1079             969;
   275    2.435            1000            1079             969;
   276    2.444            1000            1079             969;
   277    2.453            1000            1079             969;
   278    2.461            1000            1079             969;
   279    2.470            1000            1079             969;
   280    2.479            1000            1079             969;
   281    2.488            1000            1079             969;
   282    2.497            1000            1079             969;
   283    2.506            1000            1079             969;
   284    2.515            1000            1079             969;
   285    2.523            1000            1079             969;
   286    2.532            1000            1079             969;
   287    2.541            1000            1079             969;
   288    2.550            1000            1079             969;
   289    2.559            1000            1079             969;
   290    2.568            1000            1079             969;
   291    2.577            1000            1079             969;
   292    2.585            1000            1079             969;
   293    2.594            1000            1080             969;
   294    2.603            1000            1080             969;
   295    2.612            1000            1080             969;
   296    2.621            1000            1080             969;
   297    2.630            1000            1080             969;
   298    2.639            1000            1080             969;
   299    2.647            1000            1081             969;
   300    2.656            1000            1081             969;
   301    2.665            1000            1081             969;
   302    2.674            1000            1082             969;
   303    2.683            1000            1082             969;
   304    2.692            1000            1082             969;
   305    2.701            1000            1082             969;
   306    2.709            1000            1082             969;
   307    2.718            1000            1082             969;
   308    2.727            1000            1082             969;
   309    2.736            1000            1082             969;
   310    2.745            1000            1082             969;
   311    2.754            1000            1082             969;
   312    2.763            1000            1082             969;
   313    2.771            1000            1082             969;
   314    2.780            1000            1082             969;
   315    2.789            1000            1083             969;
   316    2.798            1000            1083             969;
   317    2.807            1000            1084             969;
   318    2.816            1000            1084             969;
   319    2.824            1000            1084             969;
   320    2.833            1000            1084             969;
   321    2.842            1000            1085             969;
   322    2.851            1000            1085             969;
   323    2.860            1000            1085             969;
   324    2.869            1000            1085             969;
   325    2.878            1000            1085             969;
   326    2.886            1000            1085             969;
   327    2.895            1000            1085             969;
   328    2.904            1000            1085             969;
   329    2.913            1000            1085             969;
   330    2.922            1000            1085             969;
   331    2.931            1000            1086             969;
   332    2.940            1000            1086             969;
   333    2.948            1000            1086             969;
   334    2.957            1000            1086             969;
   335    2.966            1000            1086             969;
   336    2.975            1000            1087             969;
   337    2.984            1000            1087             969;
   338    2.993            1000            1088             969;
   339    3.002               0            1088             969;
   340    3.010               0            1080             969;
   341    3.019               0            1064             969;
   342    3.028               0            1047             969;
   343    3.037               0            1029             969;
   344    3.046               0            1014             968;
   345    3.055               0            1000             966;
   346    3.064               0             987             965;
   347    3.072               0             977             963;
   348    3.081               0             968             961;
   349    3.090               0             961             959;
   350    3.099               0             956             957;
   351    3.108               0             951             955;
   352    3.117               0             947             954;
   353    3.126               0             943             952;
   354    3.134               0             940             950;
   355    3.143               0             937             949;
   356    3.152               0             935             947;
   357    3.161               0             932             945;
   358    3.170               0             930             944;
   359    3.179               0             927             943;
   360    3.188               0             924             942;
   361    3.196               0             921             941;
   362    3.205               0             916             940;
   363    3.214               0             911             940;
   364    3.223               0             904             939;
   365    3.232               0             896             939;
   366    3.241               0             886             938;
   367    3.249               0             875             936;
   368    3.258               0             860             934;
   369    3.267               0             844             932;
   370    3.276               0             827             929;
   371    3.285               0             807             925;
   372    3.294               0             786             920;
   373    3.303               0             763             914;
   374    3.311               0             740             907;
   375    3.320               0             718             899;
   376    3.329               0             698             889;
   377    3.338               0             680             878;
   378    3.347               0             664             865;
   379    3.356               0             649             849;
   380    3.365               0             636             831;
   381    3.373               0             624             811;
   382    3.382               0             613             788;
   383    3.391               0             604             763;
   384    3.400               0             595             738;
   385    3.409               0             587             711;
   386    3.418               0             579             684;
   387    3.427               0             570             655;
   388    3.435               0             562             627;
   389    3.444               0             552             600;
   390    3.453               0             543             575;
   391    3.462               0             532             551;
   392    3.471               0             522             529;
   393    3.480               0             510             509;
   394    3.489               0             498             492;
   395    3.497               0             484             478;
   396    3.506               0             471             467;
   397    3.515               0             457             459;
   398    3.524               0             442             454;
   399    3.533               0             426             453;
   400    3.542               0             410             452;
   401    3.551               0             394             452;
   402    3.559               0             378             455;
   403    3.568               0             363             457;
   404    3.577               0             351             458;
   405    3.586               0             341             459;
   406    3.595               0             334             459;
   407    3.604               0             330             459;
   408    3.613               0             328             458;
   409    3.621               0             328             456;
   410    3.630               0             330             455;
   411    3.639               0             333             454;
   412    3.648               0             336             453;
   413    3.657               0             338             453;
   414    3.666               0             340             453;
   415    3.674               0             341             453;
   416    3.683               0             341             453;
   417    3.692               0             341             453;
   418    3.701               0             340             453;
   419    3.710               0             338             453;
   420    3.719               0             336             453;
   421    3.728               0             334             453;
   422    3.736               0             331             453;
   423    3.745               0             329             453;
   424    3.754               0             327             453;
   425    3.763               0             324             453;
   426    3.772               0             322             453;
   427    3.781               0             320             453;
   428    3.790               0             317             453;
   429    3.798               0             315             453;
   430    3.807               0             312             453;
   431    3.816               0             310             453;
   432    3.825               0             307             453;
   433    3.834               0             305             453;
   434    3.843               0             303             452;
   435    3.852               0             300             452;
   436    3.860               0             299             451;
   437    3.869               0             297             451;
   438    3.878               0             296             450;
   439    3.887               0             295             449;
   440    3.896               0             295             448;
   441    3.905               0             294             447;
   442    3.914               0             294             446;
   443    3.922               0             294             444;
   444    3.931               0             294             442;
   445    3.940               0             294             440;
   446    3.949               0             294             438;
   447    3.958               0             293             435;
   448    3.967               0             292             432;
   449    3.976               0             291             430;
   450    3.984               0             288             427;
   451    3.993               0             286             424;
   452    4.002               0             283             421;
   453    4.011               0             278             418;
   454    4.020               0             274             416;
   455    4.029               0             269             414;
   456    4.038               0             263             412;
   457    4.046               0             255             411;
   458    4.055               0             247             409;
   459    4.064               0             236             407;
   460    4.073               0             224             405;
   461    4.082               0             210             402;
   462    4.091               0             196             398;
   463    4.099               0             181             394;
   464    4.108               0             167             388;
   465    4.117               0             152             381;
   466    4.126               0             138             372;
   467    4.135               0             125             362;
   468    4.144               0             115             351;
   469    4.153               0             107             338;
   470    4.161               0             102             324;
   471    4.170               0              99             310;
   472    4.179               0              97             294;
   473    4.188               0              97             279;
   474    4.197               0              97             262;
   475    4.206               0              97             246;
   476    4.215               0              97             230;
   477    4.223               0              97             214;
   478    4.232               0              97             198;
   479    4.241               0              97             184;
   480    4.250               0              97             171;
   481    4.259               0              96             161;
   482    4.268               0              93             152;
   483    4.277               0              90             146;
   484    4.285               0              87             141;
   485    4.294               0              83             139;
   486    4.303               0              78             139;
   487    4.312               0              72             139;
   488    4.321               0              67             141;
   489    4.330               0              60             144;
   490    4.339               0              53             145;
   491    4.347               0              45             147;
   492    4.356               0              39             147;
   493    4.365               0              31             147;
   494    4.374               0              24             147;
   495    4.383               0              18             147;
   496    4.392               0              12             146;
   497    4.401               0               6             144;
   498    4.409               0               1             143;
   499    4.418               0              -4             142;
   500    4.427               0              -8             141;
   501    4.436               0             -11             140;
   502    4.445               0             -13             139;
   503    4.454               0             -13             139;
   504    4.463               0             -14             139;
   505    4.471               0             -14             138;
   506    4.480               0             -14             138;
   507    4.489               0             -14             138;
   508    4.498               0             -14             138;
   509    4.507               0             -14             138;
   510    4.516               0             -14             138;
   511    4.524               0             -14             138;
   512    4.533               0             -14             138;
   513    4.542               0             -14             138;
   514    4.551               0             -14             138;
   515    4.560               0             -14             138;
   516    4.569               0             -14             138;
   517    4.578               0             -14             138;
   518    4.586               0             -14             138;
   519    4.595               0             -14             138;
   520    4.604               0             -14             138;
   521    4.613               0             -14             138;
   522    4.622               0             -14             138;
   523    4.631               0             -15             138;
   524    4.640               0             -16             138;
   525    4.648               0             -16             138;
   526    4.657               0             -17             138;
   527    4.666               0             -19             138;
   528    4.675               0             -20             138;
   529    4.684               0             -21             138;
   530    4.693               0             -23             138;
   531    4.702               0             -24             138;
   532    4.710               0             -26             138;
   533    4.719               0             -28             138;
   534    4.728               0             -29             138;
   535    4.737               0             -31             138;
   536    4.746               0             -33             138;
   537    4.755               0             -34             138;
   538    4.764               0             -37             137;
   539    4.772               0             -38             137;
   540    4.781               0             -41             136;
   541    4.790               0             -44             135;
   542    4.799               0             -48             134;
   543    4.808               0             -51             133;
   544    4.817               0             -54             132;
   545    4.826               0             -57             130;
   546    4.834               0             -60             128;
   547    4.843               0             -62             126;
   548    4.852               0             -64             124;
   549    4.861               0             -65             122;
   550    4.870               0             -65             119;
   551    4.879               0             -66             117;
   552    4.888               0             -66             115;
   553    4.896               0             -66             112;
   554    4.905               0             -66             110;
   555    4.914               0             -66             107;
   556    4.923               0             -66             105;
   557    4.932               0             -66             103;
   558    4.941               0             -66             102;
   559    4.949               0             -66             101;
   560    4.958               0             -66              99;
   561    4.967               0             -66              99;
   562    4.976               0             -67              98;
   563    4.985               0             -68              98;
   564    4.994               0             -69              98;
   565    5.003               0             -69              97;
   566    5.011               0             -70              97;
   567    5.020               0             -72              97;
   568    5.029               0             -73              97;
   569    5.038               0             -74              97;
   570    5.047               0             -75              97;
   571    5.056               0             -76              97;
   572    5.065               0             -77              97;
   573    5.073               0             -77              97;
   574    5.082               0             -78              97;
   575    5.091               0             -79              97;
   576    5.100               0             -79              97;
   577    5.109               0             -80              96;
   578    5.118               0             -80              96;
   579    5.127               0             -80              96;
   580    5.135               0             -81              95;
   581    5.144               0             -81              95;
   582    5.153               0             -82              94;
   583    5.162               0             -83              94;
   584    5.171               0             -84              93;
   585    5.180               0             -85              92;
   586    5.189               0             -86              91;
   587    5.197               0             -88              90;
   588    5.206               0             -89              89;
   589    5.215               0             -90              88;
   590    5.224               0             -91              87;
   591    5.233               0             -93              86;
   592    5.242               0             -97              85;
   593    5.251               0            -100              83;
   594    5.259               0            -104              81;
   595    5.268               0            -109              80;
   596    5.277               0            -114              77;
   597    5.286               0            -119              73;
   598    5.295               0            -125              69;
   599    5.304               0            -130              64;
   600    5.313               0            -137              58;
   601    5.321               0            -144              52;
   602    5.330               0            -150              45;
   603    5.339               0            -157              38;
   604    5.348               0            -162              30;
   605    5.357               0            -167              22;
   606    5.366               0            -170              13;
   607    5.374               0            -173               3;
   608    5.383               0            -173              -7;
   609    5.392               0            -173             -17;
   610    5.401               0            -173             -28;
   611    5.410               0            -173             -40;
   612    5.419               0            -173             -51;
   613    5.428               0            -173             -61;
   614    5.436               0            -173             -70;
   615    5.445               0            -173             -77;
   616    5.454               0            -173             -84;
   617    5.463               0            -173             -89;
   618    5.472               0            -173             -93;
   619    5.481               0            -173             -96;
   620    5.490               0            -173             -97;
   621    5.498               0            -173             -98;
   622    5.507               0            -173             -98;
   623    5.516               0            -173             -98;
   624    5.525               0            -173             -98;
   625    5.534               0            -173             -98;
   626    5.543               0            -173             -98;
   627    5.552               0            -173             -98;
   628    5.560               0            -173             -98;
   629    5.569               0            -173             -98;
   630    5.578               0            -173             -98;
   631    5.587               0            -173             -98;
   632    5.596               0            -173             -98;
   633    5.605               0            -173             -98;
   634    5.614               0            -173             -98;
   635    5.622               0            -173             -98;
   636    5.631               0            -173             -98;
   637    5.640               0            -173             -98;
   638    5.649               0            -173             -98;
   639    5.658               0            -173             -98;
   640    5.667               0            -173             -98;
   641    5.676               0            -173             -98;
   642    5.684               0            -173             -98;
   643    5.693               0            -173             -98;
   644    5.702               0            -173             -98;
   645    5.711               0            -173             -98;
   646    5.720               0            -173             -98;
   647    5.729               0            -173             -98;
   648    5.738               0            -173             -98;
   649    5.746               0            -173             -98;
   650    5.755               0            -173             -98;
   651    5.764               0            -173             -98;
   652    5.773               0            -173             -98;
   653    5.782               0            -173             -98;
   654    5.791               0            -173             -98;
   655    5.799               0            -173             -98;
   656    5.808               0            -173             -98;
   657    5.817               0            -173             -98;
   658    5.826               0            -172             -98;
   659    5.835               0            -172             -98;
   660    5.844               0            -172             -98;
   661    5.853               0            -171             -98;
   662    5.861               0            -171             -98;
   663    5.870               0            -170             -98;
   664    5.879               0            -170             -98;
   665    5.888               0            -170             -98;
   666    5.897               0            -170             -98;
   667    5.906               0            -169             -98;
   668    5.915               0            -169             -98;
   669    5.923               0            -169             -98;
   670    5.932               0            -168             -98;
   671    5.941               0            -168             -98;
   672    5.950               0            -168             -98;
   673    5.959               0            -167             -98;
   674    5.968               0            -167             -98;
   675    5.977               0            -167             -98;
   676    5.985               0            -167             -96]
