 Sample   Time     Commanded Pos   Encoder 1 Pos   Encoder 2 Pos 

[    0    0.000            1000               0               0;
     1    0.009            1000               7               0;
     2    0.018            1000              23               0;
     3    0.027            1000              40               0;
     4    0.035            1000              56               1;
     5    0.044            1000              71               2;
     6    0.053            1000              86               4;
     7    0.062            1000              99               7;
     8    0.071            1000             112              10;
     9    0.080            1000             126              14;
    10    0.089            1000             138              19;
    11    0.097            1000             150              26;
    12    0.106            1000             161              33;
    13    0.115            1000             170              43;
    14    0.124            1000             179              54;
    15    0.133            1000             187              66;
    16    0.142            1000             195              79;
    17    0.151            1000             203              94;
    18    0.159            1000             210             109;
    19    0.168            1000             217             125;
    20    0.177            1000             224             141;
    21    0.186            1000             232             158;
    22    0.195            1000             239             175;
    23    0.204            1000             248             192;
    24    0.213            1000             257             210;
    25    0.221            1000             268             229;
    26    0.230            1000             280             247;
    27    0.239            1000             294             265;
    28    0.248            1000             309             283;
    29    0.257            1000             327             300;
    30    0.266            1000             347             315;
    31    0.274            1000             370             330;
    32    0.283            1000             393             344;
    33    0.292            1000             417             357;
    34    0.301            1000             440             370;
    35    0.310            1000             463             384;
    36    0.319            1000             484             398;
    37    0.328            1000             505             412;
    38    0.336            1000             522             426;
    39    0.345            1000             539             439;
    40    0.354            1000             554             453;
    41    0.363            1000             567             467;
    42    0.372            1000             578             482;
    43    0.381            1000             587             497;
    44    0.390            1000             594             514;
    45    0.398            1000             599             530;
    46    0.407            1000             602             547;
    47    0.416            1000             603             562;
    48    0.425            1000             604             575;
    49    0.434            1000             604             586;
    50    0.443            1000             604             596;
    51    0.452            1000             604             603;
    52    0.460            1000             604             609;
    53    0.469            1000             604             612;
    54    0.478            1000             605             614;
    55    0.487            1000             607             615;
    56    0.496            1000             609             615;
    57    0.505            1000             611             615;
    58    0.514            1000             614             614;
    59    0.522            1000             618             612;
    60    0.531            1000             622             611;
    61    0.540            1000             626             611;
    62    0.549            1000             631             611;
    63    0.558            1000             637             611;
    64    0.567            1000             642             611;
    65    0.576            1000             648             611;
    66    0.584            1000             654             611;
    67    0.593            1000             659             611;
    68    0.602            1000             666             613;
    69    0.611            1000             671             613;
    70    0.620            1000             678             613;
    71    0.629            1000             685             614;
    72    0.638            1000             691             614;
    73    0.646            1000             698             615;
    74    0.655            1000             705             616;
    75    0.664            1000             711             617;
    76    0.673            1000             717             619;
    77    0.682            1000             723             620;
    78    0.691            1000             729             622;
    79    0.699            1000             735             624;
    80    0.708            1000             741             627;
    81    0.717            1000             746             630;
    82    0.726            1000             752             633;
    83    0.735            1000             758             638;
    84    0.744            1000             762             643;
    85    0.753            1000             766             648;
    86    0.761            1000             770             655;
    87    0.770            1000             772             662;
    88    0.779            1000             774             669;
    89    0.788            1000             775             677;
    90    0.797            1000             776             684;
    91    0.806            1000             777             691;
    92    0.815            1000             778             697;
    93    0.823            1000             779             701;
    94    0.832            1000             780             704;
    95    0.841            1000             782             705;
    96    0.850            1000             784             706;
    97    0.859            1000             786             706;
    98    0.868            1000             789             706;
    99    0.877            1000             791             706;
   100    0.885            1000             794             706;
   101    0.894            1000             797             706;
   102    0.903            1000             800             706;
   103    0.912            1000             803             706;
   104    0.921            1000             806             706;
   105    0.930            1000             809             706;
   106    0.939            1000             812             706;
   107    0.947            1000             815             706;
   108    0.956            1000             819             706;
   109    0.965            1000             822             706;
   110    0.974            1000             826             706;
   111    0.983            1000             830             706;
   112    0.992            1000             833             706;
   113    1.001            1000             837             706;
   114    1.009            1000             840             706;
   115    1.018            1000             843             706;
   116    1.027            1000             846             707;
   117    1.036            1000             849             707;
   118    1.045            1000             852             708;
   119    1.054            1000             855             709;
   120    1.063            1000             858             710;
   121    1.071            1000             862             711;
   122    1.080            1000             866             713;
   123    1.089            1000             870             716;
   124    1.098            1000             874             718;
   125    1.107            1000             878             721;
   126    1.116            1000             882             725;
   127    1.124            1000             887             730;
   128    1.133            1000             892             736;
   129    1.142            1000             897             743;
   130    1.151            1000             903             751;
   131    1.160            1000             910             759;
   132    1.169            1000             918             768;
   133    1.178            1000             926             778;
   134    1.186            1000             935             788;
   135    1.195            1000             945             799;
   136    1.204            1000             956             811;
   137    1.213            1000             967             824;
   138    1.222            1000             979             837;
   139    1.231            1000             990             849;
   140    1.240            1000            1001             861;
   141    1.248            1000            1010             872;
   142    1.257            1000            1017             883;
   143    1.266            1000            1024             894;
   144    1.275            1000            1030             904;
   145    1.284            1000            1034             915;
   146    1.293            1000            1038             926;
   147    1.302            1000            1041             935;
   148    1.310            1000            1042             945;
   149    1.319            1000            1044             953;
   150    1.328            1000            1045             961;
   151    1.337            1000            1045             969;
   152    1.346            1000            1045             975;
   153    1.355            1000            1045             979;
   154    1.364            1000            1045             982;
   155    1.372            1000            1045             984;
   156    1.381            1000            1045             984;
   157    1.390            1000            1045             984;
   158    1.399            1000            1045             981;
   159    1.408            1000            1045             979;
   160    1.417            1000            1045             978;
   161    1.426            1000            1046             977;
   162    1.434            1000            1046             977;
   163    1.443            1000            1046             977;
   164    1.452            1000            1046             977;
   165    1.461            1000            1046             977;
   166    1.470            1000            1046             977;
   167    1.479            1000            1046             977;
   168    1.488            1000            1046             977;
   169    1.496            1000            1046             977;
   170    1.505            1000            1046             977;
   171    1.514            1000            1046             977;
   172    1.523            1000            1046             977;
   173    1.532            1000            1046             977;
   174    1.541            1000            1046             977;
   175    1.549            1000            1046             977;
   176    1.558            1000            1046             977;
   177    1.567            1000            1046             977;
   178    1.576            1000            1046             977;
   179    1.585            1000            1046             977;
   180    1.594            1000            1046             977;
   181    1.603            1000            1046             977;
   182    1.611            1000            1046             977;
   183    1.620            1000            1046             977;
   184    1.629            1000            1046             977;
   185    1.638            1000            1046             977;
   186    1.647            1000            1046             977;
   187    1.656            1000            1046             977;
   188    1.665            1000            1046             977;
   189    1.673            1000            1046             977;
   190    1.682            1000            1047             977;
   191    1.691            1000            1047             977;
   192    1.700            1000            1047             977;
   193    1.709            1000            1047             977;
   194    1.718            1000            1047             977;
   195    1.727            1000            1048             977;
   196    1.735            1000            1048             977;
   197    1.744            1000            1048             977;
   198    1.753            1000            1048             977;
   199    1.762            1000            1048             977;
   200    1.771            1000            1049             977;
   201    1.780            1000            1049             977;
   202    1.789            1000            1049             977;
   203    1.797            1000            1049             977;
   204    1.806            1000            1049             977;
   205    1.815            1000            1049             977;
   206    1.824            1000            1049             977;
   207    1.833            1000            1049             977;
   208    1.842            1000            1049             977;
   209    1.851            1000            1050             977;
   210    1.859            1000            1050             977;
   211    1.868            1000            1050             977;
   212    1.877            1000            1050             977;
   213    1.886            1000            1050             977;
   214    1.895            1000            1050             977;
   215    1.904            1000            1050             977;
   216    1.913            1000            1050             977;
   217    1.921            1000            1050             977;
   218    1.930            1000            1050             977;
   219    1.939            1000            1050             977;
   220    1.948            1000            1050             977;
   221    1.957            1000            1050             977;
   222    1.966            1000            1050             977;
   223    1.974            1000            1050             977;
   224    1.983            1000            1051             977;
   225    1.992            1000            1051             977;
   226    2.001            1000            1051             977;
   227    2.010            1000            1051             977;
   228    2.019            1000            1051             977;
   229    2.028            1000            1051             977;
   230    2.036            1000            1051             977;
   231    2.045            1000            1051             977;
   232    2.054            1000            1051             977;
   233    2.063            1000            1052             977;
   234    2.072            1000            1052             977;
   235    2.081            1000            1052             977;
   236    2.090            1000            1052             977;
   237    2.098            1000            1052             977;
   238    2.107            1000            1053             977;
   239    2.116            1000            1053             977;
   240    2.125            1000            1053             977;
   241    2.134            1000            1053             977;
   242    2.143            1000            1053             977;
   243    2.152            1000            1053             977;
   244    2.160            1000            1053             977;
   245    2.169            1000            1054             977;
   246    2.178            1000            1054             977;
   247    2.187            1000            1054             977;
   248    2.196            1000            1054             977;
   249    2.205            1000            1054             977;
   250    2.214            1000            1054             977;
   251    2.222            1000            1054             977;
   252    2.231            1000            1054             977;
   253    2.240            1000            1054             977;
   254    2.249            1000            1055             977;
   255    2.258            1000            1055             977;
   256    2.267            1000            1055             977;
   257    2.276            1000            1055             977;
   258    2.284            1000            1055             977;
   259    2.293            1000            1055             977;
   260    2.302            1000            1055             977;
   261    2.311            1000            1055             977;
   262    2.320            1000            1056             977;
   263    2.329            1000            1056             977;
   264    2.338            1000            1056             977;
   265    2.346            1000            1057             977;
   266    2.355            1000            1057             977;
   267    2.364            1000            1057             977;
   268    2.373            1000            1057             977;
   269    2.382            1000            1057             977;
   270    2.391            1000            1058             977;
   271    2.399            1000            1058             977;
   272    2.408            1000            1058             977;
   273    2.417            1000            1058             977;
   274    2.426            1000            1058             977;
   275    2.435            1000            1058             977;
   276    2.444            1000            1058             977;
   277    2.453            1000            1058             977;
   278    2.461            1000            1058             977;
   279    2.470            1000            1058             977;
   280    2.479            1000            1059             977;
   281    2.488            1000            1059             977;
   282    2.497            1000            1059             977;
   283    2.506            1000            1059             977;
   284    2.515            1000            1059             977;
   285    2.523            1000            1059             977;
   286    2.532            1000            1060             977;
   287    2.541            1000            1060             977;
   288    2.550            1000            1060             977;
   289    2.559            1000            1060             977;
   290    2.568            1000            1060             977;
   291    2.577            1000            1060             977;
   292    2.585            1000            1061             977;
   293    2.594            1000            1061             977;
   294    2.603            1000            1061             977;
   295    2.612            1000            1061             977;
   296    2.621            1000            1062             977;
   297    2.630            1000            1062             977;
   298    2.639            1000            1062             977;
   299    2.647            1000            1062             977;
   300    2.656            1000            1062             977;
   301    2.665            1000            1062             977;
   302    2.674            1000            1062             977;
   303    2.683            1000            1062             977;
   304    2.692            1000            1063             977;
   305    2.701            1000            1063             977;
   306    2.709            1000            1063             977;
   307    2.718            1000            1063             977;
   308    2.727            1000            1063             977;
   309    2.736            1000            1063             977;
   310    2.745            1000            1063             977;
   311    2.754            1000            1064             977;
   312    2.763            1000            1064             977;
   313    2.771            1000            1064             977;
   314    2.780            1000            1064             977;
   315    2.789            1000            1065             977;
   316    2.798            1000            1065             977;
   317    2.807            1000            1065             977;
   318    2.816            1000            1065             977;
   319    2.824            1000            1065             977;
   320    2.833            1000            1065             977;
   321    2.842            1000            1065             977;
   322    2.851            1000            1065             977;
   323    2.860            1000            1066             977;
   324    2.869            1000            1066             977;
   325    2.878            1000            1066             977;
   326    2.886            1000            1066             977;
   327    2.895            1000            1066             977;
   328    2.904            1000            1066             977;
   329    2.913            1000            1066             977;
   330    2.922            1000            1066             977;
   331    2.931            1000            1066             977;
   332    2.940            1000            1066             977;
   333    2.948            1000            1067             977;
   334    2.957            1000            1067             977;
   335    2.966            1000            1067             977;
   336    2.975            1000            1067             977;
   337    2.984            1000            1067             977;
   338    2.993            1000            1067             977;
   339    3.002               0            1067             977;
   340    3.010               0            1064             977;
   341    3.019               0            1047             977;
   342    3.028               0            1030             977;
   343    3.037               0            1012             977;
   344    3.046               0             995             977;
   345    3.055               0             978             977;
   346    3.064               0             962             976;
   347    3.072               0             949             974;
   348    3.081               0             939             972;
   349    3.090               0             931             969;
   350    3.099               0             926             967;
   351    3.108               0             922             964;
   352    3.117               0             919             961;
   353    3.126               0             918             959;
   354    3.134               0             917             956;
   355    3.143               0             916             954;
   356    3.152               0             915             952;
   357    3.161               0             914             951;
   358    3.170               0             912             949;
   359    3.179               0             908             949;
   360    3.188               0             904             948;
   361    3.196               0             899             948;
   362    3.205               0             890             948;
   363    3.214               0             880             948;
   364    3.223               0             868             948;
   365    3.232               0             853             948;
   366    3.241               0             836             946;
   367    3.249               0             816             943;
   368    3.258               0             796             940;
   369    3.267               0             774             935;
   370    3.276               0             752             928;
   371    3.285               0             731             919;
   372    3.294               0             711             907;
   373    3.303               0             692             894;
   374    3.311               0             675             879;
   375    3.320               0             659             861;
   376    3.329               0             645             840;
   377    3.338               0             632             817;
   378    3.347               0             620             792;
   379    3.356               0             609             767;
   380    3.365               0             599             741;
   381    3.373               0             591             715;
   382    3.382               0             581             688;
   383    3.391               0             573             662;
   384    3.400               0             565             636;
   385    3.409               0             556             612;
   386    3.418               0             548             590;
   387    3.427               0             540             568;
   388    3.435               0             531             548;
   389    3.444               0             521             530;
   390    3.453               0             510             514;
   391    3.462               0             498             502;
   392    3.471               0             483             493;
   393    3.480               0             468             488;
   394    3.489               0             452             487;
   395    3.497               0             435             487;
   396    3.506               0             418             489;
   397    3.515               0             402             492;
   398    3.524               0             387             495;
   399    3.533               0             372             498;
   400    3.542               0             360             499;
   401    3.551               0             350             500;
   402    3.559               0             343             500;
   403    3.568               0             339             499;
   404    3.577               0             338             497;
   405    3.586               0             338             495;
   406    3.595               0             340             493;
   407    3.604               0             342             491;
   408    3.613               0             345             490;
   409    3.621               0             347             490;
   410    3.630               0             348             490;
   411    3.639               0             348             490;
   412    3.648               0             348             490;
   413    3.657               0             348             490;
   414    3.666               0             345             490;
   415    3.674               0             344             490;
   416    3.683               0             341             490;
   417    3.692               0             339             490;
   418    3.701               0             338             490;
   419    3.710               0             336             490;
   420    3.719               0             334             490;
   421    3.728               0             332             490;
   422    3.736               0             331             490;
   423    3.745               0             329             490;
   424    3.754               0             328             490;
   425    3.763               0             327             490;
   426    3.772               0             326             490;
   427    3.781               0             325             490;
   428    3.790               0             324             490;
   429    3.798               0             324             490;
   430    3.807               0             324             490;
   431    3.816               0             323             490;
   432    3.825               0             323             490;
   433    3.834               0             323             490;
   434    3.843               0             323             490;
   435    3.852               0             323             490;
   436    3.860               0             323             490;
   437    3.869               0             323             490;
   438    3.878               0             323             490;
   439    3.887               0             323             490;
   440    3.896               0             322             490;
   441    3.905               0             320             490;
   442    3.914               0             318             490;
   443    3.922               0             315             490;
   444    3.931               0             311             490;
   445    3.940               0             307             490;
   446    3.949               0             300             490;
   447    3.958               0             293             490;
   448    3.967               0             283             489;
   449    3.976               0             272             488;
   450    3.984               0             258             486;
   451    3.993               0             244             483;
   452    4.002               0             228             480;
   453    4.011               0             211             475;
   454    4.020               0             195             468;
   455    4.029               0             178             460;
   456    4.038               0             162             449;
   457    4.046               0             147             435;
   458    4.055               0             132             419;
   459    4.064               0             120             399;
   460    4.073               0             111             378;
   461    4.082               0             103             355;
   462    4.091               0              98             331;
   463    4.099               0              95             306;
   464    4.108               0              92             279;
   465    4.117               0              90             253;
   466    4.126               0              89             227;
   467    4.135               0              87             202;
   468    4.144               0              85             179;
   469    4.153               0              83             158;
   470    4.161               0              80             139;
   471    4.170               0              75             122;
   472    4.179               0              70             107;
   473    4.188               0              62              94;
   474    4.197               0              53              84;
   475    4.206               0              43              76;
   476    4.215               0              32              72;
   477    4.223               0              20              69;
   478    4.232               0               9              68;
   479    4.241               0              -2              68;
   480    4.250               0             -12              70;
   481    4.259               0             -22              72;
   482    4.268               0             -31              74;
   483    4.277               0             -38              74;
   484    4.285               0             -45              75;
   485    4.294               0             -49              75;
   486    4.303               0             -53              75;
   487    4.312               0             -54              74;
   488    4.321               0             -55              73;
   489    4.330               0             -55              72;
   490    4.339               0             -55              72;
   491    4.347               0             -54              72;
   492    4.356               0             -54              72;
   493    4.365               0             -52              72;
   494    4.374               0             -52              72;
   495    4.383               0             -52              72;
   496    4.392               0             -52              72;
   497    4.401               0             -52              72;
   498    4.409               0             -52              72;
   499    4.418               0             -52              72;
   500    4.427               0             -52              72;
   501    4.436               0             -52              72;
   502    4.445               0             -52              72;
   503    4.454               0             -52              72;
   504    4.463               0             -52              72;
   505    4.471               0             -52              72;
   506    4.480               0             -52              72;
   507    4.489               0             -52              72;
   508    4.498               0             -52              72;
   509    4.507               0             -52              72;
   510    4.516               0             -52              72;
   511    4.524               0             -52              72;
   512    4.533               0             -52              72;
   513    4.542               0             -52              72;
   514    4.551               0             -52              72;
   515    4.560               0             -52              72;
   516    4.569               0             -52              72;
   517    4.578               0             -52              72;
   518    4.586               0             -52              72;
   519    4.595               0             -52              72;
   520    4.604               0             -52              72;
   521    4.613               0             -52              72;
   522    4.622               0             -52              72;
   523    4.631               0             -52              72;
   524    4.640               0             -52              72;
   525    4.648               0             -52              72;
   526    4.657               0             -52              72;
   527    4.666               0             -52              72;
   528    4.675               0             -52              72;
   529    4.684               0             -54              72;
   530    4.693               0             -54              72;
   531    4.702               0             -54              72;
   532    4.710               0             -54              72;
   533    4.719               0             -54              72;
   534    4.728               0             -54              72;
   535    4.737               0             -54              72;
   536    4.746               0             -55              72;
   537    4.755               0             -55              72;
   538    4.764               0             -56              72;
   539    4.772               0             -56              72;
   540    4.781               0             -56              72;
   541    4.790               0             -56              72;
   542    4.799               0             -57              72;
   543    4.808               0             -57              72;
   544    4.817               0             -58              72;
   545    4.826               0             -59              72;
   546    4.834               0             -59              72;
   547    4.843               0             -60              72;
   548    4.852               0             -60              72;
   549    4.861               0             -61              72;
   550    4.870               0             -61              72;
   551    4.879               0             -62              72;
   552    4.888               0             -63              72;
   553    4.896               0             -63              72;
   554    4.905               0             -64              72;
   555    4.914               0             -64              72;
   556    4.923               0             -64              72;
   557    4.932               0             -65              72;
   558    4.941               0             -65              72;
   559    4.949               0             -65              72;
   560    4.958               0             -65              72;
   561    4.967               0             -66              72;
   562    4.976               0             -66              72;
   563    4.985               0             -67              72;
   564    4.994               0             -67              72;
   565    5.003               0             -68              72;
   566    5.011               0             -68              72;
   567    5.020               0             -68              72;
   568    5.029               0             -69              72;
   569    5.038               0             -69              72;
   570    5.047               0             -69              72;
   571    5.056               0             -70              72;
   572    5.065               0             -70              72;
   573    5.073               0             -71              71;
   574    5.082               0             -71              71;
   575    5.091               0             -72              71;
   576    5.100               0             -72              71;
   577    5.109               0             -73              71;
   578    5.118               0             -73              71;
   579    5.127               0             -74              71;
   580    5.135               0             -75              71;
   581    5.144               0             -75              71;
   582    5.153               0             -76              71;
   583    5.162               0             -76              71;
   584    5.171               0             -76              71;
   585    5.180               0             -77              71;
   586    5.189               0             -77              71;
   587    5.197               0             -77              71;
   588    5.206               0             -77              71;
   589    5.215               0             -78              71;
   590    5.224               0             -78              71;
   591    5.233               0             -79              71;
   592    5.242               0             -80              71;
   593    5.251               0             -80              71;
   594    5.259               0             -81              71;
   595    5.268               0             -81              71;
   596    5.277               0             -83              70;
   597    5.286               0             -83              70;
   598    5.295               0             -84              70;
   599    5.304               0             -85              70;
   600    5.313               0             -85              70;
   601    5.321               0             -86              70;
   602    5.330               0             -86              70;
   603    5.339               0             -87              69;
   604    5.348               0             -87              69;
   605    5.357               0             -87              69;
   606    5.366               0             -88              68;
   607    5.374               0             -88              68;
   608    5.383               0             -88              68;
   609    5.392               0             -88              68;
   610    5.401               0             -88              68;
   611    5.410               0             -89              68;
   612    5.419               0             -89              68;
   613    5.428               0             -89              68;
   614    5.436               0             -90              68;
   615    5.445               0             -91              68;
   616    5.454               0             -91              68;
   617    5.463               0             -92              68;
   618    5.472               0             -92              68;
   619    5.481               0             -93              68;
   620    5.490               0             -93              68;
   621    5.498               0             -94              68;
   622    5.507               0             -95              68;
   623    5.516               0             -96              68;
   624    5.525               0             -96              68;
   625    5.534               0             -97              68;
   626    5.543               0             -98              68;
   627    5.552               0             -99              67;
   628    5.560               0            -100              67;
   629    5.569               0            -101              67;
   630    5.578               0            -102              66;
   631    5.587               0            -104              66;
   632    5.596               0            -106              66;
   633    5.605               0            -109              65;
   634    5.614               0            -113              65;
   635    5.622               0            -116              64;
   636    5.631               0            -119              63;
   637    5.640               0            -122              63;
   638    5.649               0            -125              62;
   639    5.658               0            -126              61;
   640    5.667               0            -128              60;
   641    5.676               0            -129              59;
   642    5.684               0            -129              58;
   643    5.693               0            -129              58;
   644    5.702               0            -129              57;
   645    5.711               0            -129              57;
   646    5.720               0            -129              57;
   647    5.729               0            -129              57;
   648    5.738               0            -129              57;
   649    5.746               0            -129              57;
   650    5.755               0            -129              57;
   651    5.764               0            -129              57;
   652    5.773               0            -129              56;
   653    5.782               0            -129              56;
   654    5.791               0            -129              56;
   655    5.799               0            -129              56;
   656    5.808               0            -129              56;
   657    5.817               0            -129              56;
   658    5.826               0            -129              56;
   659    5.835               0            -129              56;
   660    5.844               0            -129              56;
   661    5.853               0            -129              56;
   662    5.861               0            -129              56;
   663    5.870               0            -129              56;
   664    5.879               0            -129              56;
   665    5.888               0            -129              56;
   666    5.897               0            -129              56;
   667    5.906               0            -129              56;
   668    5.915               0            -129              56;
   669    5.923               0            -129              56;
   670    5.932               0            -129              56;
   671    5.941               0            -130              56;
   672    5.950               0            -130              56;
   673    5.959               0            -131              56;
   674    5.968               0            -132              56;
   675    5.977               0            -132              56;
   676    5.985               0            -132              56]
